Parameter	TOTAL_mu	TOTAL_mu_star	TOTAL_sigma	TOTAL_mu_star_conf	CCO_mu	CCO_mu_star	CCO_sigma	CCO_mu_star_conf	TOI_mu	TOI_mu_star	TOI_sigma	TOI_mu_star_conf	CBF_mu	CBF_mu_star	CBF_sigma	CBF_mu_star_conf	Vmca_mu	Vmca_mu_star	Vmca_sigma	Vmca_mu_star_conf
a_frac_n	0.0	0.0	nan	0.0	0.0	0.0	nan	0.0	0.0	0.0	nan	0.0	0.0	0.0	nan	0.0	0.0	0.0	nan	0.0
a_n	112.88921905287287	112.88921905287287	nan	1.1146680106616278e-13	112.88921905287319	112.88921905287319	nan	2.7866700266540695e-14	0.0	0.0	nan	0.0	0.0	0.0	nan	0.0	0.0	0.0	nan	0.0
ared_n	0.0	0.0	nan	0.0	0.0	0.0	nan	0.0	0.0	0.0	nan	0.0	0.0	0.0	nan	0.0	0.0	0.0	nan	0.0
b_n	0.0	0.0	nan	0.0	0.0	0.0	nan	0.0	0.0	0.0	nan	0.0	0.0	0.0	nan	0.0	0.0	0.0	nan	0.0
bred_n	0.0	0.0	nan	0.0	0.0	0.0	nan	0.0	0.0	0.0	nan	0.0	0.0	0.0	nan	0.0	0.0	0.0	nan	0.0
c3	6.066163496247555	6.066163496247555	nan	0.0	78.45190431632709	78.45190431632709	nan	2.7866700266540695e-14	59.46894208286409	59.46894208286409	nan	5.573340053308139e-14	-0.026365663447899125	0.026365663447899125	nan	1.3606787239521824e-17	-131.82831723949585	131.82831723949585	nan	5.573340053308139e-14
C_buffi	1.4407295338969561e-06	1.4407295338969561e-06	nan	0.0	-2.077263303590371e-07	2.077263303590371e-07	nan	0.0	8.844756393955322e-08	8.844756393955322e-08	nan	0.0	3.1193921057326435e-10	3.1193921057326435e-10	nan	0.0	1.5596964431097149e-06	1.5596964431097149e-06	nan	0.0
C_im	0.00116402247061842	0.00116402247061842	nan	0.0	3.23875817613839e-05	3.23875817613839e-05	nan	0.0	2.8787159394028095e-05	2.8787159394028095e-05	nan	0.0	2.2052544114414818e-07	2.2052544114414818e-07	nan	0.0	0.001102627205511908	0.001102627205511908	nan	0.0
C_NADH	0.0	0.0	nan	0.0	0.0	0.0	nan	0.0	0.0	0.0	nan	0.0	0.0	0.0	nan	0.0	0.0	0.0	nan	0.0
C_NADH_n	0.0	0.0	nan	0.0	0.0	0.0	nan	0.0	0.0	0.0	nan	0.0	0.0	0.0	nan	0.0	0.0	0.0	nan	0.0
CBFn	0.0	0.0	nan	0.0	0.0	0.0	nan	0.0	0.0	0.0	nan	0.0	0.0	0.0	nan	0.0	0.0	0.0	nan	0.0
ck2	-0.22122475980961553	0.22122475980961553	nan	0.0	0.210281259674181	0.210281259674181	nan	5.4427148958087295e-17	0.07445434916897398	0.07445434916897398	nan	0.0	-0.000101171839362868	0.000101171839362868	nan	0.0	-0.5058591968144412	0.5058591968144412	nan	0.0
CMRO2_n	0.0	0.0	nan	0.0	0.0	0.0	nan	0.0	0.0	0.0	nan	0.0	0.0	0.0	nan	0.0	0.0	0.0	nan	0.0
CVinh	1197.3718046583363	1197.3718046583363	nan	4.458672042646511e-13	-66.27881285363752	66.27881285363752	nan	2.7866700266540695e-14	1520.42777188627	1520.42777188627	nan	4.458672042646511e-13	-0.05134516184249101	0.05134516184249101	nan	2.7213574479043647e-17	-256.7258092124542	256.7258092124542	nan	1.1146680106616278e-13
cytox_tot	0.0	0.0	nan	0.0	0.0	0.0	nan	0.0	0.0	0.0	nan	0.0	0.0	0.0	nan	0.0	0.0	0.0	nan	0.0
cytox_tot_tis	122.88534130130495	122.88534130130495	nan	8.360010079962209e-14	-19.554126505753942	19.554126505753942	nan	0.0	171.59648277328353	171.59648277328353	nan	5.573340053308139e-14	-0.005830236945855896	0.005830236945855896	nan	0.0	-29.151184729280715	29.151184729280715	nan	0.0
D_O2	26.070978560859032	26.070978560859032	nan	0.0	20.71917100555298	20.71917100555298	nan	6.966675066635174e-15	-25.930111828684787	25.930111828684787	nan	2.7866700266540695e-14	0.00625513285022801	0.00625513285022801	nan	1.700848404940228e-18	31.275664251139375	31.275664251139375	nan	3.483337533317587e-14
Dp3_corr	143.48934136182288	143.48934136182288	nan	0.0	-34.80906656870051	34.80906656870051	nan	1.3933350133270347e-14	226.24841766951982	226.24841766951982	nan	5.573340053308139e-14	-0.009588084330933833	0.009588084330933833	nan	3.401696809880456e-18	-47.94042165466675	47.94042165466675	nan	1.3933350133270347e-14
Dp_30	0.0	0.0	nan	0.0	0.0	0.0	nan	0.0	0.0	0.0	nan	0.0	0.0	0.0	nan	0.0	0.0	0.0	nan	0.0
Dp_CV0	109.43851370395481	109.43851370395481	nan	8.360010079962209e-14	-25.683657881345198	25.683657881345198	nan	6.966675066635174e-15	-9.780930641633788	9.780930641633788	nan	3.483337533317587e-15	0.028974825480290484	0.028974825480290484	nan	2.7213574479043647e-17	144.8741274014523	144.8741274014523	nan	5.573340053308139e-14
Dp_n	-1174.8330796722548	1174.8330796722548	nan	4.458672042646511e-13	70.94090169195037	70.94090169195037	nan	2.7866700266540695e-14	-1532.64193927571	1532.64193927571	nan	0.0	0.0573621191584692	0.0573621191584692	nan	4.0820361718565474e-17	286.8105957923459	286.8105957923459	nan	1.1146680106616278e-13
DpH_n	0.0	0.0	nan	0.0	0.0	0.0	nan	0.0	0.0	0.0	nan	0.0	0.0	0.0	nan	0.0	0.0	0.0	nan	0.0
Dpsi_n	0.0	0.0	nan	0.0	0.0	0.0	nan	0.0	0.0	0.0	nan	0.0	0.0	0.0	nan	0.0	0.0	0.0	nan	0.0
E1NADH	0.0	0.0	nan	0.0	0.0	0.0	nan	0.0	0.0	0.0	nan	0.0	0.0	0.0	nan	0.0	0.0	0.0	nan	0.0
E1NADH_n	0.0	0.0	nan	0.0	0.0	0.0	nan	0.0	0.0	0.0	nan	0.0	0.0	0.0	nan	0.0	0.0	0.0	nan	0.0
E_1	0.0	0.0	nan	0.0	0.0	0.0	nan	0.0	0.0	0.0	nan	0.0	0.0	0.0	nan	0.0	0.0	0.0	nan	0.0
E_1n	0.0	0.0	nan	0.0	0.0	0.0	nan	0.0	0.0	0.0	nan	0.0	0.0	0.0	nan	0.0	0.0	0.0	nan	0.0
E_2	26.907228684026734	26.907228684026734	nan	0.0	-60.005681303669355	60.005681303669355	nan	0.0	-25.21989997430635	25.21989997430635	nan	6.966675066635174e-15	0.02242207757688526	0.02242207757688526	nan	2.0410180859282737e-17	112.11038788442593	112.11038788442593	nan	5.573340053308139e-14
E_a30	0.0	0.0	nan	0.0	0.0	0.0	nan	0.0	0.0	0.0	nan	0.0	0.0	0.0	nan	0.0	0.0	0.0	nan	0.0
E_c0	0.9483513201063829	0.9483513201063829	nan	0.0	0.6504899354700768	0.6504899354700768	nan	0.0	-0.04600674954503603	0.04600674954503603	nan	0.0	6.875987486125446e-05	6.875987486125446e-05	nan	0.0	0.3437993743063714	0.3437993743063714	nan	0.0
E_N0	-1.8206218674289403	1.8206218674289403	nan	0.0	-1.1643990611916681	1.1643990611916681	nan	4.3541719166469836e-16	-0.8206539887552253	0.8206539887552253	nan	0.0	3.287966057127778e-05	3.287966057127778e-05	nan	0.0	0.16439830285673906	0.16439830285673906	nan	0.0
f_n	0.0	0.0	nan	0.0	0.0	0.0	nan	0.0	0.0	0.0	nan	0.0	0.0	0.0	nan	0.0	0.0	0.0	nan	0.0
Gn	0.0	0.0	nan	0.0	0.0	0.0	nan	0.0	0.0	0.0	nan	0.0	0.0	0.0	nan	0.0	0.0	0.0	nan	0.0
h_0	-981.2709073776722	981.2709073776722	nan	4.458672042646511e-13	-6.3046959672295415	6.3046959672295415	nan	3.483337533317587e-15	-580.9765653524557	580.9765653524557	nan	2.2293360213232556e-13	-0.07878217277704198	0.07878217277704198	nan	0.0	-393.9108638852111	393.9108638852111	nan	3.3440040319848836e-13
H_n	0.0	0.0	nan	0.0	0.0	0.0	nan	0.0	0.0	0.0	nan	0.0	0.0	0.0	nan	0.0	0.0	0.0	nan	0.0
h_n	0.0	0.0	nan	0.0	0.0	0.0	nan	0.0	0.0	0.0	nan	0.0	0.0	0.0	nan	0.0	0.0	0.0	nan	0.0
J_O2n	0.0	0.0	nan	0.0	0.0	0.0	nan	0.0	0.0	0.0	nan	0.0	0.0	0.0	nan	0.0	0.0	0.0	nan	0.0
k10	0.0	0.0	nan	0.0	0.0	0.0	nan	0.0	0.0	0.0	nan	0.0	0.0	0.0	nan	0.0	0.0	0.0	nan	0.0
k1_n	50.55207187409451	50.55207187409451	nan	0.0	139.13894537638123	139.13894537638123	nan	1.1146680106616278e-13	-26.632356633582184	26.632356633582184	nan	2.0900025199905523e-14	-0.012388425688603058	0.012388425688603058	nan	1.0205090429641368e-17	-61.94212844301529	61.94212844301529	nan	6.966675066635174e-14
k2_n	1.2893870979432336	1.2893870979432336	nan	0.0	-0.4444496164154952	0.4444496164154952	nan	1.0885429791617459e-16	-0.3946864007531161	0.3946864007531161	nan	0.0	0.00042561949912298114	0.00042561949912298114	nan	0.0	2.128097495614952	2.128097495614952	nan	0.0
k3	0.0	0.0	nan	0.0	0.0	0.0	nan	0.0	0.0	0.0	nan	0.0	0.0	0.0	nan	0.0	0.0	0.0	nan	0.0
k30	10.028698256621453	10.028698256621453	nan	0.0	-14.993862960380659	14.993862960380659	nan	6.966675066635174e-15	-3.6522989903006433	3.6522989903006433	nan	8.708343833293967e-16	0.005733825276405272	0.005733825276405272	nan	0.0	28.669126382026377	28.669126382026377	nan	0.0
K_G	3121.0613010050165	3121.0613010050165	nan	1.7834688170586045e-12	9.863890872503738	9.863890872503738	nan	3.483337533317587e-15	402.1710238630895	402.1710238630895	nan	0.0	0.5416969378663117	0.5416969378663117	nan	2.1770859583234918e-16	2708.484689331559	2708.484689331559	nan	1.7834688170586045e-12
k_lk2	111.17311873917663	111.17311873917663	nan	5.573340053308139e-14	-26.095988685227184	26.095988685227184	nan	6.966675066635174e-15	-10.078325246937965	10.078325246937965	nan	0.0	0.029463593815505063	0.029463593815505063	nan	0.0	147.31796907752522	147.31796907752522	nan	0.0
K_sigma	-1.9228637840190572	1.9228637840190572	nan	0.0	0.0014687050218302744	0.0014687050218302744	nan	0.0	-0.23109643507082467	0.23109643507082467	nan	0.0	-0.00033857949489508876	0.00033857949489508876	nan	0.0	-1.6928974744756147	1.6928974744756147	nan	0.0
k_aut	128.02159244599812	128.02159244599812	nan	5.573340053308139e-14	0.0660694257901735	0.0660694257901735	nan	0.0	3.045886483512632	3.045886483512632	nan	8.708343833293967e-16	0.024976931920955472	0.024976931920955472	nan	1.3606787239521824e-17	124.8846596047764	124.8846596047764	nan	8.360010079962209e-14
k_unc	18.03778601921232	18.03778601921232	nan	0.0	-2.1799767913031918	2.1799767913031918	nan	1.7416687666587934e-15	-4.878796655493929	4.878796655493929	nan	0.0	0.005018308231555503	0.005018308231555503	nan	3.401696809880456e-18	25.09154115777835	25.09154115777835	nan	0.0
kCV	0.0	0.0	nan	0.0	0.0	0.0	nan	0.0	0.0	0.0	nan	0.0	0.0	0.0	nan	0.0	0.0	0.0	nan	0.0
Keq1_n	0.0	0.0	nan	0.0	0.0	0.0	nan	0.0	0.0	0.0	nan	0.0	0.0	0.0	nan	0.0	0.0	0.0	nan	0.0
Keq2_n	0.0	0.0	nan	0.0	0.0	0.0	nan	0.0	0.0	0.0	nan	0.0	0.0	0.0	nan	0.0	0.0	0.0	nan	0.0
L_CV0	-54.01463480291011	54.01463480291011	nan	0.0	9.07728626628127	9.07728626628127	nan	6.966675066635174e-15	29.256698673339372	29.256698673339372	nan	0.0	-0.01846603074235771	0.01846603074235771	nan	1.3606787239521824e-17	-92.33015371178817	92.33015371178817	nan	2.7866700266540695e-14
L_CVfrac	0.0	0.0	nan	0.0	0.0	0.0	nan	0.0	0.0	0.0	nan	0.0	0.0	0.0	nan	0.0	0.0	0.0	nan	0.0
L_CVmax	0.0	0.0	nan	0.0	0.0	0.0	nan	0.0	0.0	0.0	nan	0.0	0.0	0.0	nan	0.0	0.0	0.0	nan	0.0
L_CVn	482.4369779989564	482.4369779989564	nan	2.2293360213232556e-13	-5.488995713124895	5.488995713124895	nan	1.7416687666587934e-15	604.5457009802552	604.5457009802552	nan	2.2293360213232556e-13	-0.023319281597315625	0.023319281597315625	nan	1.3606787239521824e-17	-116.59640798657841	116.59640798657841	nan	8.360010079962209e-14
L_lk0	29.158815914073898	29.158815914073898	nan	6.966675066635174e-15	-2.610506284722522	2.610506284722522	nan	2.6125031499881903e-15	40.31876203206909	40.31876203206909	nan	2.7866700266540695e-14	-0.0017095460574434312	0.0017095460574434312	nan	4.25212101235057e-19	-8.547730287217348	8.547730287217348	nan	3.483337533317587e-15
L_lkfrac	0.0	0.0	nan	0.0	0.0	0.0	nan	0.0	0.0	0.0	nan	0.0	0.0	0.0	nan	0.0	0.0	0.0	nan	0.0
L_lkn	0.0	0.0	nan	0.0	0.0	0.0	nan	0.0	0.0	0.0	nan	0.0	0.0	0.0	nan	0.0	0.0	0.0	nan	0.0
L_n	0.0	0.0	nan	0.0	0.0	0.0	nan	0.0	0.0	0.0	nan	0.0	0.0	0.0	nan	0.0	0.0	0.0	nan	0.0
mu_max	-104.13354710217538	104.13354710217538	nan	5.573340053308139e-14	6.3388746878319076	6.3388746878319076	nan	3.483337533317587e-15	-191.60177376960056	191.60177376960056	nan	1.1146680106616278e-13	0.016222625870744453	0.016222625870744453	nan	1.3606787239521824e-17	81.11312935372285	81.11312935372285	nan	5.573340053308139e-14
n_h	2532.4736075615165	2532.4736075615165	nan	1.7834688170586045e-12	19.847570847018023	19.847570847018023	nan	6.966675066635174e-15	907.5484705744926	907.5484705744926	nan	4.458672042646511e-13	0.3209513229634086	0.3209513229634086	nan	1.0885429791617459e-16	1604.7566148170429	1604.7566148170429	nan	8.917344085293022e-13
n_m	-1376.3188589529934	1376.3188589529934	nan	1.3376016127939535e-12	-8.326571507666378	8.326571507666378	nan	3.483337533317587e-15	-811.3766603110005	811.3766603110005	nan	4.458672042646511e-13	-0.11130086525381422	0.11130086525381422	nan	8.164072343713095e-17	-556.5043262690698	556.5043262690698	nan	0.0
NADH	0.0	0.0	nan	0.0	0.0	0.0	nan	0.0	0.0	0.0	nan	0.0	0.0	0.0	nan	0.0	0.0	0.0	nan	0.0
NADHn	-74.10690483382007	74.10690483382007	nan	0.0	-127.25033414891399	127.25033414891399	nan	5.573340053308139e-14	17.15242081948361	17.15242081948361	nan	0.0	0.007196762346652737	0.007196762346652737	nan	6.803393619760912e-18	35.98381173326331	35.98381173326331	nan	2.7866700266540695e-14
NADNADHrat	0.0	0.0	nan	0.0	0.0	0.0	nan	0.0	0.0	0.0	nan	0.0	0.0	0.0	nan	0.0	0.0	0.0	nan	0.0
NADNADHratn	-71.8020436356131	71.8020436356131	nan	2.7866700266540695e-14	-88.12926703259184	88.12926703259184	nan	0.0	3.555508883258959	3.555508883258959	nan	0.0	0.002553832136316693	0.002553832136316693	nan	0.0	12.769160681583458	12.769160681583458	nan	3.483337533317587e-15
NADpool	76.92773894353365	76.92773894353365	nan	0.0	89.89024390173948	89.89024390173948	nan	0.0	-1.4512755691832027	1.4512755691832027	nan	0.0	-0.0023017855207002405	0.0023017855207002405	nan	8.50424202470114e-19	-11.50892760350203	11.50892760350203	nan	0.0
O2_n	0.0	0.0	nan	0.0	0.0	0.0	nan	0.0	0.0	0.0	nan	0.0	0.0	0.0	nan	0.0	0.0	0.0	nan	0.0
O2c_n	0.0	0.0	nan	0.0	0.0	0.0	nan	0.0	0.0	0.0	nan	0.0	0.0	0.0	nan	0.0	0.0	0.0	nan	0.0
P_1n	0.0	0.0	nan	0.0	0.0	0.0	nan	0.0	0.0	0.0	nan	0.0	0.0	0.0	nan	0.0	0.0	0.0	nan	0.0
P_an	0.0	0.0	nan	0.0	0.0	0.0	nan	0.0	0.0	0.0	nan	0.0	0.0	0.0	nan	0.0	0.0	0.0	nan	0.0
p_C1	0.0	0.0	nan	0.0	0.0	0.0	nan	0.0	0.0	0.0	nan	0.0	0.0	0.0	nan	0.0	0.0	0.0	nan	0.0
p_C3	0.0	0.0	nan	0.0	0.0	0.0	nan	0.0	0.0	0.0	nan	0.0	0.0	0.0	nan	0.0	0.0	0.0	nan	0.0
P_ic	-649.980766221414	649.980766221414	nan	2.2293360213232556e-13	-1.1700236566538114	1.1700236566538114	nan	4.3541719166469836e-16	-52.709022143060565	52.709022143060565	nan	1.3933350133270347e-14	-0.11919650478338337	0.11919650478338337	nan	5.4427148958087295e-17	-595.9825239169174	595.9825239169174	nan	2.2293360213232556e-13
P_icn	0.0	0.0	nan	0.0	0.0	0.0	nan	0.0	0.0	0.0	nan	0.0	0.0	0.0	nan	0.0	0.0	0.0	nan	0.0
p_tot	-665.8627717360555	665.8627717360555	nan	2.2293360213232556e-13	-177.5129096514197	177.5129096514197	nan	5.573340053308139e-14	374.4832747045261	374.4832747045261	nan	2.2293360213232556e-13	-0.172532120933646	0.172532120933646	nan	1.0885429791617459e-16	-862.6606046682289	862.6606046682289	nan	4.458672042646511e-13
p_totNADH	0.0	0.0	nan	0.0	0.0	0.0	nan	0.0	0.0	0.0	nan	0.0	0.0	0.0	nan	0.0	0.0	0.0	nan	0.0
P_v	129.609903118124	129.609903118124	nan	5.573340053308139e-14	-0.2784980872426299	0.2784980872426299	nan	0.0	15.965286848996655	15.965286848996655	nan	1.0450012599952761e-14	0.02278006685790214	0.02278006685790214	nan	6.803393619760912e-18	113.90033428951125	113.90033428951125	nan	8.360010079962209e-14
P_vn	0.0	0.0	nan	0.0	0.0	0.0	nan	0.0	0.0	0.0	nan	0.0	0.0	0.0	nan	0.0	0.0	0.0	nan	0.0
Pa_CO2n	0.0	0.0	nan	0.0	0.0	0.0	nan	0.0	0.0	0.0	nan	0.0	0.0	0.0	nan	0.0	0.0	0.0	nan	0.0
pH_mn	0.0	0.0	nan	0.0	0.0	0.0	nan	0.0	0.0	0.0	nan	0.0	0.0	0.0	nan	0.0	0.0	0.0	nan	0.0
pH_o	1.524282424725243e-07	1.524282424725243e-07	nan	0.0	3.0355788993574606e-09	3.0355788993574606e-09	nan	0.0	8.777578841545619e-08	8.777578841545619e-08	nan	0.0	1.2320880427019176e-11	1.2320880427019176e-11	nan	0.0	6.16046236245893e-08	6.16046236245893e-08	nan	0.0
pH_on	0.0	0.0	nan	0.0	0.0	0.0	nan	0.0	0.0	0.0	nan	0.0	0.0	0.0	nan	0.0	0.0	0.0	nan	0.0
phi	1092.6174027777704	1092.6174027777704	nan	4.458672042646511e-13	-21.649465431803968	21.649465431803968	nan	6.966675066635174e-15	732.15004010576	732.15004010576	nan	0.0	0.07640808400396222	0.07640808400396222	nan	5.4427148958087295e-17	382.04042001981077	382.04042001981077	nan	0.0
r_0	-573.1545893952368	573.1545893952368	nan	2.2293360213232556e-13	-3.7599575865804375	3.7599575865804375	nan	2.6125031499881903e-15	-347.7756574811996	347.7756574811996	nan	1.1146680106616278e-13	-0.04431493187911527	0.04431493187911527	nan	0.0	-221.57465939557517	221.57465939557517	nan	1.6720020159924418e-13
R_autc	126.32499586832557	126.32499586832557	nan	8.360010079962209e-14	0.6902511133852443	0.6902511133852443	nan	0.0	74.34067502475787	74.34067502475787	nan	0.0	0.010256762593518265	0.010256762593518265	nan	3.401696809880456e-18	51.283812967590734	51.283812967590734	nan	1.3933350133270347e-14
R_auto	1135.872022752504	1135.872022752504	nan	4.458672042646511e-13	4.689779576461374	4.689779576461374	nan	0.0	179.48086199789878	179.48086199789878	nan	5.573340053308139e-14	0.19030221579247014	0.19030221579247014	nan	5.4427148958087295e-17	951.5110789623512	951.5110789623512	nan	4.458672042646511e-13
R_autp	133.80900587893262	133.80900587893262	nan	5.573340053308139e-14	-0.14996439722671084	0.14996439722671084	nan	0.0	-2.841452571890528	2.841452571890528	nan	8.708343833293967e-16	0.027354613646880632	0.027354613646880632	nan	6.803393619760912e-18	136.77306823440375	136.77306823440375	nan	5.573340053308139e-14
R_autu	-452.1586252764845	452.1586252764845	nan	1.1146680106616278e-13	-2.6282870738957236	2.6282870738957236	nan	1.7416687666587934e-15	-238.6210552232	238.6210552232	nan	1.6720020159924418e-13	-0.04217342191149488	0.04217342191149488	nan	1.3606787239521824e-17	-210.86710955747577	210.86710955747577	nan	1.1146680106616278e-13
r_CV	62.357560732420325	62.357560732420325	nan	1.3933350133270347e-14	-3.23029534837128	3.23029534837128	nan	3.483337533317587e-15	79.76702582278585	79.76702582278585	nan	0.0	-0.002835266895019728	0.002835266895019728	nan	0.0	-14.176334475099509	14.176334475099509	nan	0.0
r_m	4687.947805969409	4687.947805969409	nan	1.7834688170586045e-12	27.291298907329317	27.291298907329317	nan	2.0900025199905523e-14	3185.9542335370684	3185.9542335370684	nan	2.675203225587907e-12	0.29488147840932033	0.29488147840932033	nan	1.0885429791617459e-16	1474.4073920466028	1474.4073920466028	nan	8.917344085293022e-13
r_n	-110.85005805583381	110.85005805583381	nan	8.360010079962209e-14	0.0	0.0	nan	0.0	-110.85005805583408	110.85005805583408	nan	2.7866700266540695e-14	0.0	0.0	nan	0.0	0.0	0.0	nan	0.0
r_t	6643.571017401711	6643.571017401711	nan	5.350406451175814e-12	36.77811412514083	36.77811412514083	nan	2.7866700266540695e-14	1687.7227713562538	1687.7227713562538	nan	4.458672042646511e-13	0.9836173029234786	0.9836173029234786	nan	2.1770859583234918e-16	4918.086514617393	4918.086514617393	nan	3.566937634117209e-12
SaO2_n	0.0	0.0	nan	0.0	0.0	0.0	nan	0.0	0.0	0.0	nan	0.0	0.0	0.0	nan	0.0	0.0	0.0	nan	0.0
ScO2_n	0.0	0.0	nan	0.0	0.0	0.0	nan	0.0	0.0	0.0	nan	0.0	0.0	0.0	nan	0.0	0.0	0.0	nan	0.0
sigma_coll	-640.0527676057249	640.0527676057249	nan	2.2293360213232556e-13	-4.142285931758007	4.142285931758007	nan	3.483337533317587e-15	-382.83291570552916	382.83291570552916	nan	2.2293360213232556e-13	-0.050605392115264936	0.050605392115264936	nan	0.0	-253.0269605763247	253.0269605763247	nan	1.1146680106616278e-13
sigma_e0	-1.1458592579635933	1.1458592579635933	nan	0.0	-0.003381561961553814	0.003381561961553814	nan	0.0	-0.21192449941840863	0.21192449941840863	nan	0.0	-0.00018607342463158177	0.00018607342463158177	nan	0.0	-0.9303671231593	0.9303671231593	nan	0.0
sigma_en	0.0	0.0	nan	0.0	0.0	0.0	nan	0.0	0.0	0.0	nan	0.0	0.0	0.0	nan	0.0	0.0	0.0	nan	0.0
SvO2_n	0.0	0.0	nan	0.0	0.0	0.0	nan	0.0	0.0	0.0	nan	0.0	0.0	0.0	nan	0.0	0.0	0.0	nan	0.0
t_c	0.0	0.0	nan	0.0	0.0	0.0	nan	0.0	0.0	0.0	nan	0.0	0.0	0.0	nan	0.0	0.0	0.0	nan	0.0
T_en	0.0	0.0	nan	0.0	0.0	0.0	nan	0.0	0.0	0.0	nan	0.0	0.0	0.0	nan	0.0	0.0	0.0	nan	0.0
T_max0	-2204.9449457963897	2204.9449457963897	nan	0.0	13.804936604053408	13.804936604053408	nan	0.0	-379.58938162086184	379.58938162086184	nan	1.1146680106616278e-13	-0.36775854844622696	0.36775854844622696	nan	2.1770859583234918e-16	-1838.7927422311348	1838.7927422311348	nan	1.3376016127939535e-12
T_maxn	0.0	0.0	nan	0.0	0.0	0.0	nan	0.0	0.0	0.0	nan	0.0	0.0	0.0	nan	0.0	0.0	0.0	nan	0.0
T_mn	0.0	0.0	nan	0.0	0.0	0.0	nan	0.0	0.0	0.0	nan	0.0	0.0	0.0	nan	0.0	0.0	0.0	nan	0.0
t_o	6.455218273906837	6.455218273906837	nan	1.7416687666587934e-15	-0.00010173547767067248	0.00010173547767067248	nan	0.0	1.8295891093058643	1.8295891093058643	nan	4.3541719166469836e-16	0.0009249611877781318	0.0009249611877781318	nan	2.126060506175285e-19	4.62480593889083	4.62480593889083	nan	1.7416687666587934e-15
t_p	1.3747375487137106	1.3747375487137106	nan	0.0	0.04210069846341469	0.04210069846341469	nan	0.0	1.0689034786505545	1.0689034786505545	nan	0.0	5.273612709470743e-05	5.273612709470743e-05	nan	0.0	0.2636806354733494	0.2636806354733494	nan	0.0
t_u	0.0	0.0	nan	0.0	0.0	0.0	nan	0.0	0.0	0.0	nan	0.0	0.0	0.0	nan	0.0	0.0	0.0	nan	0.0
u_n	0.0	0.0	nan	0.0	0.0	0.0	nan	0.0	0.0	0.0	nan	0.0	0.0	0.0	nan	0.0	0.0	0.0	nan	0.0
v_cn	1260.4700931434284	1260.4700931434284	nan	0.0	8.287945448876759	8.287945448876759	nan	3.483337533317587e-15	721.8637951420063	721.8637951420063	nan	4.458672042646511e-13	0.10604246201810505	0.10604246201810505	nan	0.0	530.2123100905261	530.2123100905261	nan	2.2293360213232556e-13
v_on	-851.586618296303	851.586618296303	nan	2.2293360213232556e-13	-14.798240745657386	14.798240745657386	nan	6.966675066635174e-15	-576.416580111832	576.416580111832	nan	2.2293360213232556e-13	-0.05206394669842368	0.05206394669842368	nan	2.7213574479043647e-17	-260.31973349211756	260.31973349211756	nan	1.1146680106616278e-13
v_pn	-8505.15113543982	8505.15113543982	nan	3.566937634117209e-12	-51.567595701822356	51.567595701822356	nan	1.3933350133270347e-14	-3155.3683849175895	3155.3683849175895	nan	8.917344085293022e-13	-1.0594311447351348	1.0594311447351348	nan	0.0	-5297.155723675675	5297.155723675675	nan	0.0
v_un	-3787.817247897613	3787.817247897613	nan	0.0	-8.826072254590203	8.826072254590203	nan	0.0	-388.35212828469	388.35212828469	nan	1.1146680106616278e-13	-0.6779922110294612	0.6779922110294612	nan	4.3541719166469836e-16	-3389.9610551473043	3389.9610551473043	nan	1.7834688170586045e-12
Vol_mit	1045.4631616747677	1045.4631616747677	nan	4.458672042646511e-13	126.82932567515799	126.82932567515799	nan	8.360010079962209e-14	-327.55717846476557	327.55717846476557	nan	0.0	0.24918836521983123	0.24918836521983123	nan	1.632814468742619e-16	1245.9418260991558	1245.9418260991558	nan	4.458672042646511e-13
XOa	0.0	0.0	nan	0.0	0.0	0.0	nan	0.0	0.0	0.0	nan	0.0	0.0	0.0	nan	0.0	0.0	0.0	nan	0.0
XOa_n	0.0	0.0	nan	0.0	0.0	0.0	nan	0.0	0.0	0.0	nan	0.0	0.0	0.0	nan	0.0	0.0	0.0	nan	0.0
XOv_n	0.0	0.0	nan	0.0	0.0	0.0	nan	0.0	0.0	0.0	nan	0.0	0.0	0.0	nan	0.0	0.0	0.0	nan	0.0
Xtot	-50.00828752082623	50.00828752082623	nan	0.0	13.978012578455658	13.978012578455658	nan	3.483337533317587e-15	473.0514696161049	473.0514696161049	nan	4.458672042646511e-13	-0.10738607672773179	0.10738607672773179	nan	5.4427148958087295e-17	-536.9303836386592	536.9303836386592	nan	4.458672042646511e-13
Xtot_n	0.0	0.0	nan	0.0	0.0	0.0	nan	0.0	0.0	0.0	nan	0.0	0.0	0.0	nan	0.0	0.0	0.0	nan	0.0
Vmca	0.0	0.0	nan	0.0	0.0	0.0	nan	0.0	0.0	0.0	nan	0.0	0.0	0.0	nan	0.0	0.0	0.0	nan	0.0
CCO	0.0	0.0	nan	0.0	0.0	0.0	nan	0.0	0.0	0.0	nan	0.0	0.0	0.0	nan	0.0	0.0	0.0	nan	0.0
CBF	0.0	0.0	nan	0.0	0.0	0.0	nan	0.0	0.0	0.0	nan	0.0	0.0	0.0	nan	0.0	0.0	0.0	nan	0.0
TOI	0.0	0.0	nan	0.0	0.0	0.0	nan	0.0	0.0	0.0	nan	0.0	0.0	0.0	nan	0.0	0.0	0.0	nan	0.0
