Parameter	TOTAL_mu	TOTAL_mu_star	TOTAL_sigma	TOTAL_mu_star_conf	CCO_mu	CCO_mu_star	CCO_sigma	CCO_mu_star_conf	TOI_mu	TOI_mu_star	TOI_sigma	TOI_mu_star_conf	CBF_mu	CBF_mu_star	CBF_sigma	CBF_mu_star_conf
a_frac_n	0.0	0.0	0.0	0.0	0.0	0.0	0.0	0.0	0.0	0.0	0.0	0.0	0.0	0.0	0.0	0.0
a_n	-1.634803403760543e-16	7.70467023514243e-15	1.5701207029954433e-14	2.7024159830452427e-15	-1.2656542480726783e-16	7.641387522738796e-15	1.5666535861482563e-14	2.679900522019855e-15	0.0	0.0	0.0	0.0	0.0	0.0	0.0	0.0
ared_n	0.0	0.0	0.0	0.0	0.0	0.0	0.0	0.0	0.0	0.0	0.0	0.0	0.0	0.0	0.0	0.0
b_n	0.0	0.0	0.0	0.0	0.0	0.0	0.0	0.0	0.0	0.0	0.0	0.0	0.0	0.0	0.0	0.0
bred_n	0.0	0.0	0.0	0.0	0.0	0.0	0.0	0.0	0.0	0.0	0.0	0.0	0.0	0.0	0.0	0.0
c3	1.9714235564238103	2.0994967615067215	20.075842905436737	3.8791641533857093	0.7314439509299581	0.8419996333786424	7.653981715723857	1.4702752248801294	0.18802562092383493	0.2181039333214527	1.8959992712234075	0.36408389748721254	1.0519539845700172	1.0561790975528258	10.531954336124624	1.9842267908767637
C_buffi	0.00012171928793010988	0.0001601223669045593	0.0013794035997176863	0.00027098542285720027	0.00014057237111745252	0.00014292807625434015	0.0013707795058862243	0.00026681781489277086	-1.715223702025044e-05	2.084409178138548e-05	0.00015498209878865736	3.088219912307662e-05	-1.7008461669300312e-06	3.0910172958097117e-06	2.433239960585016e-05	4.693768452837684e-06
C_im	-135.83975650491678	138.74130816347147	1373.0785651414344	273.1061161618503	0.5467982259425481	0.5468642392936078	4.371075380715494	0.8416974995147889	-136.41527230947156	138.1657021457899	1373.0099307928156	282.6374013256463	0.028717578612223297	0.04359622906571798	0.3696846513754212	0.07210055696870828
C_NADH	0.0	0.0	0.0	0.0	0.0	0.0	0.0	0.0	0.0	0.0	0.0	0.0	0.0	0.0	0.0	0.0
C_NADH_n	0.0	0.0	0.0	0.0	0.0	0.0	0.0	0.0	0.0	0.0	0.0	0.0	0.0	0.0	0.0	0.0
CBFn	0.0	0.0	0.0	0.0	0.0	0.0	0.0	0.0	0.0	0.0	0.0	0.0	0.0	0.0	0.0	0.0
ck2	0.25104587713412235	8.327251925008035	43.21822555401101	8.129091337823272	-2.390245044366123	2.4585828221985544	23.67787183165813	4.699489037529991	-1.111360418655692	1.1552580251096345	7.311620790473814	1.4194932607599142	3.7526513401559383	4.921998765722055	30.845726521386936	5.933802225117074
CMRO2_n	0.0	0.0	0.0	0.0	0.0	0.0	0.0	0.0	0.0	0.0	0.0	0.0	0.0	0.0	0.0	0.0
CVinh	1.1146440880144555	1.7703248741728574	8.187710080577684	1.609315065769167	1.0411716753402391	1.6374196078989007	8.094370086143101	1.5584673885063114	0.027585810083362097	0.14750188440085465	0.3879792520874324	0.06905509322657234	0.04588660259085366	0.05623011487315309	0.2692077006277604	0.049515353169854566
cytox_tot	0.0	0.0	0.0	0.0	0.0	0.0	0.0	0.0	0.0	0.0	0.0	0.0	0.0	0.0	0.0	0.0
cytox_tot_tis	-223.5390429512996	229.19910560691923	1561.7021324091725	314.30305471069084	2.3834469536475966	2.64145012640514	10.702491760437773	2.120151937508768	-137.28049692373546	137.65798408975826	1372.9243968204844	252.40744821786734	-88.64199298122975	89.05274479781214	758.5836148152374	153.05852627293817
D_O2	0.8392650757822786	1.589076022777049	7.422330205179505	1.4779605751942333	0.6664153210110217	1.4915956708113183	7.019221760089007	1.3045990064902295	0.14195289155065965	0.2292351779043459	0.7572007582218075	0.14713964662596843	0.03089686322059748	0.12186590698024606	0.4633468284839954	0.0858762211447121
Dp3_corr	1.4640096917211636	1.503325823950215	14.031102298108161	2.798022321881942	1.4133705915099453	1.4570649174370849	13.60552287449225	2.5112049854134	0.01785091149266786	0.03968810898012394	0.20546431781522306	0.0390573899788499	0.032788188718550805	0.03426146834285662	0.24130801061418708	0.04585109290650648
Dp_30	0.0	0.0	0.0	0.0	0.0	0.0	0.0	0.0	0.0	0.0	0.0	0.0	0.0	0.0	0.0	0.0
Dp_CV0	-0.022827328747432683	1.941297913432214	7.650171228711539	1.4110190580236324	0.26443762288026007	1.4754656202011391	6.888547565111122	1.3363097468953997	-0.01622204297477872	0.20117980467870059	0.7515503635656726	0.1354718219551698	-0.2710429086529145	0.3062429634959485	2.058523333993816	0.40772069838867103
Dp_n	1.515192659346054	5.44623785428072	22.906810212261295	4.325013719410633	1.132492614425149	2.77727666775315	9.53554616787643	1.754948199372363	0.18159250886437872	0.7706174276523535	2.4920844848775867	0.46869404890925437	0.20110753605652623	2.343237153834009	13.65866215353352	2.559199227261264
DpH_n	-0.4058814666925494	0.6101157265805023	5.191709443499333	0.9967992792062537	-0.024476882472690267	0.07805136783983474	0.5808019291427415	0.11133180222401518	-0.3786302213199956	0.5093926864347472	4.494522685638846	0.8668154211165571	-0.0027743628998635095	0.022671672305920296	0.16229849555511283	0.03144568758895663
Dpsi_n	0.0	0.0	0.0	0.0	0.0	0.0	0.0	0.0	0.0	0.0	0.0	0.0	0.0	0.0	0.0	0.0
E1NADH	0.0	0.0	0.0	0.0	0.0	0.0	0.0	0.0	0.0	0.0	0.0	0.0	0.0	0.0	0.0	0.0
E1NADH_n	0.0	0.0	0.0	0.0	0.0	0.0	0.0	0.0	0.0	0.0	0.0	0.0	0.0	0.0	0.0	0.0
E_1	0.0	0.0	0.0	0.0	0.0	0.0	0.0	0.0	0.0	0.0	0.0	0.0	0.0	0.0	0.0	0.0
E_1n	0.0	0.0	0.0	0.0	0.0	0.0	0.0	0.0	0.0	0.0	0.0	0.0	0.0	0.0	0.0	0.0
E_2	1.7868606383139443	1.8694583434313723	10.769142628913798	2.0265593433333233	0.20682320150685865	0.2447890311119429	0.5650725051600846	0.11159871675776831	0.6761015452782021	0.7471717842356272	6.130296744352059	1.2549950224165989	0.9039358915288835	0.9467308067193224	8.931475255631701	1.7794565613039928
E_a30	0.0	0.0	0.0	0.0	0.0	0.0	0.0	0.0	0.0	0.0	0.0	0.0	0.0	0.0	0.0	0.0
E_c0	-0.03736019539502611	2.8619518298415505	16.85033588608983	3.2823739198581166	-0.19255850852687395	2.0198506699764964	12.465275867499615	2.4292100304849007	0.26738628220013	0.9170650053502524	4.370109370577431	0.8204458784014255	-0.11218796906828164	0.22242998807095507	1.2476318152626336	0.24124884662042595
E_N0	0.31515940685060717	1.432640695745647	5.3096940567965305	1.0014056580981816	-0.09509574949543033	1.0028398871612676	4.105440767712832	0.7613080500476106	0.38329802102449023	0.4355832437271369	2.1298580648946115	0.41020028762079924	0.02695713532154733	0.06153147161010473	0.2220258448756132	0.041272693369966675
f_n	0.0	0.0	0.0	0.0	0.0	0.0	0.0	0.0	0.0	0.0	0.0	0.0	0.0	0.0	0.0	0.0
Gn	0.0	0.0	0.0	0.0	0.0	0.0	0.0	0.0	0.0	0.0	0.0	0.0	0.0	0.0	0.0	0.0
h_0	263785.72263494274	718394.6025042977	5432203.311206318	1033643.5172737055	-1.1248302229254015	1.9152446450355136	13.75305268859701	2.6540884679228753	0.2916363668131258	0.6782567142261314	3.679383973587979	0.7113909301797834	263786.55582879874	718392.831992672	5432204.663464636	1049719.5231788245
H_n	0.0	0.0	0.0	0.0	0.0	0.0	0.0	0.0	0.0	0.0	0.0	0.0	0.0	0.0	0.0	0.0
h_n	0.0	0.0	0.0	0.0	0.0	0.0	0.0	0.0	0.0	0.0	0.0	0.0	0.0	0.0	0.0	0.0
J_O2n	0.0	0.0	0.0	0.0	0.0	0.0	0.0	0.0	0.0	0.0	0.0	0.0	0.0	0.0	0.0	0.0
k10	0.0	0.0	0.0	0.0	0.0	0.0	0.0	0.0	0.0	0.0	0.0	0.0	0.0	0.0	0.0	0.0
k1_n	0.09186900563355607	1.762919928053294	5.647458705245106	1.0423245145238849	0.1444897611456815	1.764594008505191	5.8604584288900305	1.0878634778131189	-0.06937631218629436	0.15166837360840493	0.5031012776496694	0.09485426896323709	0.016755556674167102	0.052456341566745335	0.32661327094853987	0.06503190548307274
k2_n	-7.422377091766567	7.624917785756116	43.12355788040909	8.206671182617248	-0.7683493662931912	0.8536034776056755	7.670540820686058	1.4405944629959349	-0.21060550340029113	0.2646969899708303	1.9065967903344718	0.37491632430818134	-6.443422222073084	6.522122827191052	39.20565282513666	7.577158776660637
k3	0.0	0.0	0.0	0.0	0.0	0.0	0.0	0.0	0.0	0.0	0.0	0.0	0.0	0.0	0.0	0.0
k30	0.10626385376274669	0.28693922710286535	1.4420506056420912	0.2698873559496143	0.09094602291779624	0.11009954903869934	0.483129103415731	0.0926144719155786	0.030033690115111575	0.03943765089851019	0.14752668098521585	0.027868990748208554	-0.01471585927016119	0.1559181373538398	1.0309732124446171	0.1896540177270872
K_G	2.0566832868926554	7.810997904890663	34.801766327018605	6.774268917850319	-1.0468609758477962	2.044396761005833	8.839516919707412	1.708266235513859	-0.39002212175698775	1.087805133943681	3.86436881781685	0.7142928153896969	3.493566384497439	5.267492055570717	29.657560530951038	5.6848172509584405
k_lk2	-398.7929212948818	530.895906829491	4691.473110011471	930.9593915564088	0.3249597608034337	1.0982134428040315	2.69081236758489	0.47504464885358527	0.43804394535205987	0.7326488526367236	2.930711468648855	0.5461760506937281	-399.55592500103745	529.2401695320716	4691.451993972646	938.8579197818126
K_sigma	-73.43156924009344	79.00426244048062	608.7101071595783	122.99266243694535	0.8136802948740978	1.4093584971356807	7.253490059879617	1.380660120208102	0.7124862259635348	1.1797921975389785	3.9806546154522655	0.7657382333047439	-74.95773576093107	76.72861041951619	608.4110585454935	115.97130913340074
k_aut	-2.0094795062240256	10.435575191520075	47.59866085546753	9.00728578414638	0.38058503920568404	5.397854549625534	27.02060519658779	5.00984757037686	-0.31736644060947145	1.2811287794678028	3.9077582106375295	0.7385227629475325	-2.0726981048202378	4.3109085208148	23.966158002459096	4.673739335781963
k_unc	287.400005706405	287.65975550462366	2873.697948484143	550.3605070743306	0.043461918571126405	0.2171045127987557	0.769889476520137	0.13975901440830132	290.59371549245157	290.6585305022551	2905.669541006744	562.4377339568391	-3.23717170461769	3.2567260612947835	32.21284076524272	6.228836052839332
kCV	0.0	0.0	0.0	0.0	0.0	0.0	0.0	0.0	0.0	0.0	0.0	0.0	0.0	0.0	0.0	0.0
Keq1_n	0.0	0.0	0.0	0.0	0.0	0.0	0.0	0.0	0.0	0.0	0.0	0.0	0.0	0.0	0.0	0.0
Keq2_n	0.0	0.0	0.0	0.0	0.0	0.0	0.0	0.0	0.0	0.0	0.0	0.0	0.0	0.0	0.0	0.0
L_CV0	0.05549871536105616	0.12256942340970958	0.6980171656281208	0.1378197539882781	0.024987703858209923	0.08420823665565919	0.4278578395726531	0.08146540372100426	0.008942003196265003	0.036259354792741325	0.22927791956338248	0.043486119129150964	0.02156900830658127	0.025697136216258225	0.2287670957122101	0.04470801476245874
L_CVfrac	0.0	0.0	0.0	0.0	0.0	0.0	0.0	0.0	0.0	0.0	0.0	0.0	0.0	0.0	0.0	0.0
L_CVmax	0.0	0.0	0.0	0.0	0.0	0.0	0.0	0.0	0.0	0.0	0.0	0.0	0.0	0.0	0.0	0.0
L_CVn	0.7303490392315666	1.7635714777369933	7.203549559239222	1.317769286641564	0.21616154016679506	1.0525978619310348	4.810900293118587	0.9402783854084511	0.5001635322715279	0.682007313472837	5.070013659793942	1.02221032240118	0.014023966793244316	0.0746167997816107	0.26975199100656205	0.05069694005787633
L_lk0	-0.8203804609736849	3.030016471396503	17.476964329378212	3.3407834051727185	-1.7291262574565527	1.8751718571475542	13.862467906792258	2.594577770180053	0.919694555638916	1.125177002152973	9.661418350257795	1.8426854865470157	-0.010948759156047684	0.03866912233996983	0.2494227621117791	0.047045616952322726
L_lkfrac	-0.7009416059378385	0.7009416059378385	7.009416059378387	1.4161292379157302	-0.6582522606817988	0.6582522606817988	6.582522606817989	1.3283140459913756	-0.01985010920163472	0.01985010920163472	0.19850109201634716	0.03986881971827021	-0.022839236054405077	0.022839236054405077	0.2283923605440508	0.044469613348612685
L_lkn	0.0	0.0	0.0	0.0	0.0	0.0	0.0	0.0	0.0	0.0	0.0	0.0	0.0	0.0	0.0	0.0
L_n	0.0	0.0	0.0	0.0	0.0	0.0	0.0	0.0	0.0	0.0	0.0	0.0	0.0	0.0	0.0	0.0
mu_max	293.0572105283365	299.5762914417606	2912.3065362554285	563.778488602232	3.7665440428215975	5.179347622967893	27.41329000989554	5.482806898024131	291.14880789056497	291.9512400882744	2911.6508666185528	541.755708251077	-1.858141405050167	2.6419362562557236	12.960418400877966	2.555103168338388
n_h	1.2911445104823664	3.6094454453013314	17.364680613357674	3.22437199320399	1.0492691349455254	2.9409700692567653	15.891668379155908	3.119494924664298	0.06010775167149414	0.5563013647474776	2.4935296455018916	0.4639711400958619	0.18176762386534648	0.27194216732753346	0.7509229412140275	0.14557419089420687
n_m	-0.4083747399683808	2.582787627921175	6.654089825791191	1.2127399564645767	-0.5108911766828086	1.512014592590932	5.603812336383903	1.035213683469967	0.12647788633530624	0.49465751541439845	1.2958382079202608	0.23478254423748143	-0.023961449620878855	0.892465787482494	2.9377428376575017	0.5676585279026359
NADH	0.0	0.0	0.0	0.0	0.0	0.0	0.0	0.0	0.0	0.0	0.0	0.0	0.0	0.0	0.0	0.0
NADHn	0.10502923740820312	1.2907083292661699	4.422926724701439	0.8697154049169239	0.26889376723312597	1.1249649889288114	3.3473536846546112	0.5962650212314116	-0.11824217836163266	0.18831460050530657	1.159024469950525	0.2247255142534192	-0.045622351463289974	0.047854452027242235	0.33160995918628305	0.06715924135451885
NADNADHrat	0.0	0.0	0.0	0.0	0.0	0.0	0.0	0.0	0.0	0.0	0.0	0.0	0.0	0.0	0.0	0.0
NADNADHratn	3.3309384470233874	4.04008597799455	29.163087726965685	5.922556139827395	2.8727394340237478	3.4342318793623936	23.77937453149399	4.6420894329379845	-0.02637291904891925	0.10928797297581591	0.34980496101562636	0.06581402426645686	0.4845719320485585	0.5846841579788857	5.292288544744262	1.000424692822033
NADpool	1.904547648661812	3.253535578426086	24.012481630231335	4.699379082969995	1.7170171595594368	3.0816104033485727	23.050087349346796	4.541053283070258	0.13134537384729614	0.1949643825132856	0.8127803526923896	0.15223488633835375	0.05618511525507967	0.06337171642770668	0.2932886069277217	0.057790574727728326
O2_n	0.0	0.0	0.0	0.0	0.0	0.0	0.0	0.0	0.0	0.0	0.0	0.0	0.0	0.0	0.0	0.0
O2c_n	0.0	0.0	0.0	0.0	0.0	0.0	0.0	0.0	0.0	0.0	0.0	0.0	0.0	0.0	0.0	0.0
P_1n	0.0	0.0	0.0	0.0	0.0	0.0	0.0	0.0	0.0	0.0	0.0	0.0	0.0	0.0	0.0	0.0
P_an	0.08192688737836828	0.08192688737836828	0.8192688737836821	0.15488912908387015	0.018687341181285348	0.018687341181285348	0.18687341181285363	0.037033489054248775	0.05267550258998493	0.05267550258998493	0.526755025899849	0.09870364850002393	0.010564043607097997	0.010564043607097997	0.10564043607097988	0.02037529760215352
p_C1	0.0	0.0	0.0	0.0	0.0	0.0	0.0	0.0	0.0	0.0	0.0	0.0	0.0	0.0	0.0	0.0
p_C3	0.0	0.0	0.0	0.0	0.0	0.0	0.0	0.0	0.0	0.0	0.0	0.0	0.0	0.0	0.0	0.0
P_ic	-1.2404929028993203	2.236887526479506	10.253124107322565	1.9653959822019829	-0.7326844497833261	1.1495677429571147	6.767808589336273	1.2990706119214654	-0.14277757143710135	0.6473977299848701	3.06423846515259	0.5753715859745346	-0.365030881678893	0.5349856073651591	2.5149098541736454	0.47942896591757866
P_icn	0.0	0.0	0.0	0.0	0.0	0.0	0.0	0.0	0.0	0.0	0.0	0.0	0.0	0.0	0.0	0.0
p_tot	6.489411864780857	8.842118288139307	33.54759986596885	6.665005785283179	5.1423732518628595	7.229986594729887	31.90120833179135	5.916279931043821	0.7662251085663899	1.3664106796570699	4.3462246847708865	0.810413688196264	0.5808135043516099	0.6888072149023928	2.876071147515505	0.5654614778144685
p_totNADH	0.0	0.0	0.0	0.0	0.0	0.0	0.0	0.0	0.0	0.0	0.0	0.0	0.0	0.0	0.0	0.0
P_v	0.11730224329879363	3.381284812905362	18.54712097490315	3.5283782682675064	-1.3097897457075474	1.4703475099112322	13.618073602390506	2.6224775498648594	0.05695296827698882	0.21069958686173923	0.8618075312250849	0.16415452053938495	1.3701390207293513	1.7205587433911216	11.806261671138026	2.3754010533937366
P_vn	0.0	0.0	0.0	0.0	0.0	0.0	0.0	0.0	0.0	0.0	0.0	0.0	0.0	0.0	0.0	0.0
Pa_CO2n	0.0	0.0	0.0	0.0	0.0	0.0	0.0	0.0	0.0	0.0	0.0	0.0	0.0	0.0	0.0	0.0
pH_mn	0.0	0.0	0.0	0.0	0.0	0.0	0.0	0.0	0.0	0.0	0.0	0.0	0.0	0.0	0.0	0.0
pH_o	1.364422066423606	21.312702025536797	93.6858899806741	17.640225117137373	-4.41797922311334	9.632150286485835	45.21335007424509	8.646588332761228	0.22832151703525683	2.4013681970375216	10.39110149639154	1.939237956497229	5.554079772501682	9.622489346404127	73.9327740406545	14.628394740267849
pH_on	0.0	0.0	0.0	0.0	0.0	0.0	0.0	0.0	0.0	0.0	0.0	0.0	0.0	0.0	0.0	0.0
phi	-7.063350789053167	10.865778446518652	60.86979514974121	12.255140387052954	0.5774590377072893	4.4855582683233735	17.020375783367054	3.0580935632098583	-7.568175813211351	9.336931946553012	74.07641637219	13.715851665033567	-0.07263401354076814	0.6987060018213742	1.9713686013545488	0.35784894849720683
r_0	-0.82805186425095	8.936758071121385	20.44287629368377	3.523572539359524	-3.1807438841791464	4.392452069999525	12.25747772276503	2.303843876527563	-0.4684741068525198	2.071861434778191	4.668462662880944	0.8397274508063625	2.821166126780716	3.5388489984119893	14.053249579580068	2.737777243453955
R_autc	228.88234340237253	231.30460583877394	2253.356599563576	427.52303035230517	0.22356876639875206	1.1460652028353981	5.374113468945558	1.0170083735538413	0.07940751519172498	0.7307687269707235	2.676694232076147	0.5101363261573842	228.57936712078208	229.53972941005367	2253.3519322528946	446.67845846505327
R_auto	1936.5016193238512	1946.8645746148788	19410.060576431755	3728.3144992138104	-2.8044539996222904	3.627446932418565	21.543187766150336	4.320282591765075	-0.3920080590434118	0.6799781490000094	3.4308936334370457	0.6758602940359639	1939.6980813825169	1942.6824125753606	19409.72083655397	3703.5312978404254
R_autp	-23.470700715158213	31.634353059121555	262.36583309355234	50.568911896071455	0.24685889376268275	2.77816535820076	12.069179773567303	2.168182761510608	0.37624837438633085	0.7301438614206262	1.8601551766825601	0.3443311914720868	-24.093807983307205	28.434273857582408	261.5746186448015	50.61586680068469
R_autu	-289.0325532046932	293.56690283753755	2912.4266406046904	577.0213959605238	-0.042718983101849115	0.14105489717240058	0.3887266701780318	0.0703755627803266	-291.1622292762979	291.21657752250854	2911.6484062753734	565.2116077914491	2.1723950547066484	2.2509596303329253	21.990606544863294	4.244513069870304
r_CV	0.44469691033220393	2.435664978986696	17.045294049901432	3.320520484362156	-0.6377028178696498	0.7434685059923701	6.5114587835579565	1.240057529954084	-0.256660372436426	0.3201127061450343	2.8268815700273424	0.5603598210372922	1.3390601006382803	1.386458912968588	13.62688306116024	2.7628759969761747
r_m	227329.72973587338	227357.11273889654	2273368.500619464	463269.8342292775	0.6475316271302549	6.0961790109415865	23.092623335924536	4.321647979622299	-0.17706067409776283	1.409699460683554	3.266539509151794	0.5612278227495815	227329.25926492026	227349.9195033665	2273367.642356023	443487.59277972527
r_n	0.28867462330499366	0.3779015502729759	0.7756775091256737	0.14393134215499226	0.0	0.0	0.0	0.0	0.2886746233049935	0.37790155027297573	0.7756775091256732	0.13636914243957207	0.0	0.0	0.0	0.0
r_t	-2436.12175133006	2545.8439954994665	24811.622750540253	4892.946317705375	-1.3112782164375714	10.533900812315142	31.467319807094423	5.920777722777577	0.4974779466547152	3.678987839625243	8.528454525515071	1.5199837013485296	-2435.307951060275	2533.547063957069	24811.513482260078	4825.827310793339
SaO2_n	0.0	0.0	0.0	0.0	0.0	0.0	0.0	0.0	0.0	0.0	0.0	0.0	0.0	0.0	0.0	0.0
ScO2_n	0.0	0.0	0.0	0.0	0.0	0.0	0.0	0.0	0.0	0.0	0.0	0.0	0.0	0.0	0.0	0.0
sigma_coll	31.064201100707137	46.392860440176676	311.50538810881335	62.39590450544551	-0.7548628392648813	2.742486580559076	11.890294983987648	2.259936435237231	0.21612680454257405	1.1283384180782527	5.289243123342139	0.9383910318195682	31.602937135429446	42.731211091316965	310.78107896947444	60.74216988155148
sigma_e0	142.2843401959811	143.86646571578987	1427.1732608738898	266.151657884289	-0.058585574074165245	0.5572681576597559	1.8342600846575727	0.34066337058055435	0.011546956909202084	0.1868836702821765	0.5148173057341009	0.09041603510392497	142.33137881314613	143.22809905937456	1427.1664529794405	281.58474575154554
sigma_en	0.0	0.0	0.0	0.0	0.0	0.0	0.0	0.0	0.0	0.0	0.0	0.0	0.0	0.0	0.0	0.0
SvO2_n	0.0	0.0	0.0	0.0	0.0	0.0	0.0	0.0	0.0	0.0	0.0	0.0	0.0	0.0	0.0	0.0
t_c	0.0	0.0	0.0	0.0	0.0	0.0	0.0	0.0	0.0	0.0	0.0	0.0	0.0	0.0	0.0	0.0
T_en	0.0	0.0	0.0	0.0	0.0	0.0	0.0	0.0	0.0	0.0	0.0	0.0	0.0	0.0	0.0	0.0
T_max0	25.19871518492026	33.008125960532354	250.9173559963047	51.180614292925014	0.5108963713085567	5.389279482910984	17.420073656424847	3.222956228451507	25.500654100352957	26.542432970908827	249.50263393509582	49.1445796982073	-0.8128352867412595	1.7392165152766026	10.456641901161486	2.1150166698853
T_maxn	0.0	0.0	0.0	0.0	0.0	0.0	0.0	0.0	0.0	0.0	0.0	0.0	0.0	0.0	0.0	0.0
T_mn	0.0	0.0	0.0	0.0	0.0	0.0	0.0	0.0	0.0	0.0	0.0	0.0	0.0	0.0	0.0	0.0
t_o	-3.8268460275115546	3.850494647093898	35.98556591326126	6.888007000080877	-0.9914709897945767	1.0018300240341595	9.965595108270644	1.9660949734698678	-0.5432566195990348	0.5552800266805472	3.8866194658131947	0.7269600965869004	-2.292118418117943	2.295138302781089	22.924201102311848	4.5463705044987766
t_p	0.09963522555495848	0.12809950044316387	0.836474958421683	0.16718797358951337	0.02321829155746351	0.03164801437385641	0.19262587402957845	0.037253511380479186	0.05156820092248295	0.06596846693791475	0.5293324678422758	0.1040181108877338	0.02484873307501219	0.04090905660003987	0.21722636087579256	0.042518321046880546
t_u	0.0	0.0	0.0	0.0	0.0	0.0	0.0	0.0	0.0	0.0	0.0	0.0	0.0	0.0	0.0	0.0
u_n	0.0	0.0	0.0	0.0	0.0	0.0	0.0	0.0	0.0	0.0	0.0	0.0	0.0	0.0	0.0	0.0
v_cn	-4741222181.98812	4741222264.403302	47412222098.44219	9175797699.180668	0.6456353852954478	5.099759732033615	15.880738632317051	2.916604103679536	28.403784346885985	34.99811736874779	304.7099887978338	59.34298417469404	-4741222211.0375395	4741222226.304882	47412222095.495735	9530314142.730762
v_on	-47.49439748749504	1034.8799213656096	7153.004820610735	1390.7170754726565	-0.08470307899610463	2.4946422955285934	10.258879060476788	1.9297295443403224	-1.1104408548641702	1.7576241555100864	10.014221261403813	1.8254114591724628	-46.29925355363448	1032.799824349223	7152.773020827163	1311.6604850172357
v_pn	23.404564847029416	53.9766127897997	349.3150052309347	65.69051926533912	-0.9994763931468085	6.342974580441921	21.401372507637156	3.9972209781826082	-1.5069928453082042	2.3583913409386543	6.7676072697956835	1.2882596771375063	25.91103408548443	45.82416821717898	347.95956514397653	65.26498631375512
v_un	-4741222497.124698	4741222503.998719	47412222066.48077	9187659681.014389	0.6642583527207837	1.2658013028680593	7.1432988257387855	1.3237502119683808	-290.3970602285104	292.43640718031264	2905.7022510797838	543.1722858008774	-4741222207.391895	4741222216.886635	47412222095.79277	9183599152.348574
Vol_mit	-7.964622385840425	10.7722408859738	51.90120860366293	10.205628952742957	-6.32811313148069	8.392977311472581	42.41309726121788	7.923041868153115	-0.9775013226981093	1.6455131755478474	8.094852742145738	1.4854200409040446	-0.6590079316616233	0.8331251939731154	4.037739187513124	0.7458543173575672
XOa	0.0	0.0	0.0	0.0	0.0	0.0	0.0	0.0	0.0	0.0	0.0	0.0	0.0	0.0	0.0	0.0
XOa_n	0.0	0.0	0.0	0.0	0.0	0.0	0.0	0.0	0.0	0.0	0.0	0.0	0.0	0.0	0.0	0.0
XOv_n	0.0	0.0	0.0	0.0	0.0	0.0	0.0	0.0	0.0	0.0	0.0	0.0	0.0	0.0	0.0	0.0
Xtot	14.436524184593427	19.083749914419204	97.1206835154515	18.80219357032756	3.8622425353204926	7.339134443936703	30.522521216874626	5.857185724714632	1.5869835881096896	2.8178007502359517	13.597246205261495	2.6616337626603968	8.987298061163244	9.417532018338369	75.38543703178044	14.756766689973182
Xtot_n	0.0	0.0	0.0	0.0	0.0	0.0	0.0	0.0	0.0	0.0	0.0	0.0	0.0	0.0	0.0	0.0
CCO	0.0	0.0	0.0	0.0	0.0	0.0	0.0	0.0	0.0	0.0	0.0	0.0	0.0	0.0	0.0	0.0
CBF	0.0	0.0	0.0	0.0	0.0	0.0	0.0	0.0	0.0	0.0	0.0	0.0	0.0	0.0	0.0	0.0
TOI	0.0	0.0	0.0	0.0	0.0	0.0	0.0	0.0	0.0	0.0	0.0	0.0	0.0	0.0	0.0	0.0
