Parameter	TOTAL_mu	TOTAL_mu_star	TOTAL_sigma	TOTAL_mu_star_conf	CCO_mu	CCO_mu_star	CCO_sigma	CCO_mu_star_conf	TOI_mu	TOI_mu_star	TOI_sigma	TOI_mu_star_conf	CBF_mu	CBF_mu_star	CBF_sigma	CBF_mu_star_conf	Vmca_mu	Vmca_mu_star	Vmca_sigma	Vmca_mu_star_conf
a_frac_n	1.0348087862093776	1.0348087862093776	10.348087862093776	2.058334948017394	0.46117526642388873	0.46117526642388873	4.611752664238887	0.9257730547096761	0.3085784178650605	0.3085784178650605	3.0857841786506053	0.5875540466122325	0.13252755096021415	0.13252755096021415	1.3252755096021416	0.25798544608160795	0.13252755096021424	0.13252755096021424	1.3252755096021425	0.2410355403401291
a_n	1.0899958805939576	26.301157675307877	28.915633197633834	2.3528361597522967	1.0899958805939576	26.301157675307874	28.915633197633834	2.305923419796829	0.0	0.0	0.0	0.0	0.0	0.0	0.0	0.0	0.0	0.0	0.0	0.0
ared_n	0.5918505563508706	0.5918505563508706	5.918505563508705	1.144163787048637	0.033316196772669275	0.033316196772669275	0.33316196772669276	0.06426012098594582	0.28057674069968835	0.28057674069968835	2.805767406996883	0.5465255340117126	0.1389788094392564	0.1389788094392564	1.3897880943925638	0.2807123998957725	0.13897880943925647	0.13897880943925647	1.3897880943925647	0.2696827601262189
b_n	0.0	0.0	0.0	0.0	0.0	0.0	0.0	0.0	0.0	0.0	0.0	0.0	0.0	0.0	0.0	0.0	0.0	0.0	0.0	0.0
bred_n	0.0	0.0	0.0	0.0	0.0	0.0	0.0	0.0	0.0	0.0	0.0	0.0	0.0	0.0	0.0	0.0	0.0	0.0	0.0	0.0
c3	-0.6066259541106247	2.7407503981118753	7.468350745455217	1.4218862350331465	0.10226503687427353	2.1790065862324735	3.7507146997056937	0.6048794477123065	-0.4218759728017611	0.48997349253224526	3.194092172835588	0.6036692227692326	-0.14350750909157392	0.1654420634137007	1.4298379352441208	0.28172822094760636	-0.14350750909157448	0.1654420634137	1.4298379352441213	0.2682144642336397
C_buffi	0.3973980860338584	0.39739813109601	3.973800415283079	0.835873648942128	0.22391515629701148	0.2239151768027949	2.2389697697222	0.4542930379177887	0.08619499169644511	0.08619502234068721	0.8619500087066868	0.16352230447753557	0.04364396902020078	0.0436440960516586	0.43644031977442405	0.08579205669609087	0.04364396902020066	0.04364409605165899	0.4364403197744244	0.08406337869583998
C_im	-40.88024645988711	40.88157682695706	408.8091029850355	82.04768466313111	-0.44561120263084425	0.44767158096387893	4.46651236926141	0.8246823858309387	-2.016039056450528	2.016040241557758	20.156635274304644	4.005544909294558	-19.209298100402865	19.209298385747367	192.09298238589827	36.772492553464694	-19.209298100402883	19.209298385747385	192.09298238589844	36.469831869369386
C_NADH	0.0	0.0	0.0	0.0	0.0	0.0	0.0	0.0	0.0	0.0	0.0	0.0	0.0	0.0	0.0	0.0	0.0	0.0	0.0	0.0
C_NADH_n	0.0	0.0	0.0	0.0	0.0	0.0	0.0	0.0	0.0	0.0	0.0	0.0	0.0	0.0	0.0	0.0	0.0	0.0	0.0	0.0
CBFn	0.0	0.0	0.0	0.0	0.0	0.0	0.0	0.0	0.0	0.0	0.0	0.0	0.0	0.0	0.0	0.0	0.0	0.0	0.0	0.0
ck2	-43.29999723659409	113.26106214753756	724.9233362825638	149.38453616475223	-0.1812444775947348	1.5385894815985082	8.604457136458587	1.7069219670255344	-43.97049711029162	106.16579969584653	709.5501440238381	135.0268605846378	0.4258721756461154	2.790286653616168	16.36075254142361	3.1861112699852905	0.42587217564611607	2.7902866536161697	16.36075254142362	3.22960599790265
CMRO2_n	0.0	0.0	0.0	0.0	0.0	0.0	0.0	0.0	0.0	0.0	0.0	0.0	0.0	0.0	0.0	0.0	0.0	0.0	0.0	0.0
CVinh	1.7477441842282124	3.980948137924651	14.604218021797712	2.7146974925784164	0.38068559106770317	2.753273561250794	5.727501073990579	0.9785951879370718	1.0648488122418418	1.5462864441891282	6.57500739464216	1.2372817591959369	0.15110489045933334	0.26299104374324805	1.6758416251706714	0.31814110085820074	0.15110489045933373	0.26299104374324866	1.6758416251706727	0.30754649419397073
cytox_tot	0.0	0.0	0.0	0.0	0.0	0.0	0.0	0.0	0.0	0.0	0.0	0.0	0.0	0.0	0.0	0.0	0.0	0.0	0.0	0.0
cytox_tot_tis	3.6945079294742498	18.905675691738505	27.451098886663445	3.9809073239580863	4.103131940533588	18.200473772835206	24.300533516378636	3.2951339779029327	-0.11914684652042405	1.062355871177278	4.618613207717798	0.8753849100422524	-0.1447385822694499	0.1833142575779531	1.3893702307877631	0.2625494513057374	-0.14473858226946038	0.18331425757794276	1.389370230787763	0.2774920308841818
D_O2	881024.4030704309	881160.4485977713	8810896.071240608	1694586.7833687612	-2.5680554102451474	7.909506593869165	15.850728816826319	2.7090138868452653	-11.831468979844011	14.972419237214881	93.9761549584299	18.380958447444968	440519.4012974104	440570.02058148605	4405447.1722148545	842547.7734533834	440519.4012974108	440570.02058148646	4405447.172214858	829719.4245062621
Dp3_corr	-3.539898085054959	5.308861380400222	20.895712860362472	3.9659540885246485	-1.2359691045670376	2.942760480084549	9.384469452132459	1.7686124771240765	-1.0242504015053582	1.2988197235409726	6.5406063010583155	1.2140377794639834	-0.6398392894912885	0.6529531274442273	3.861616268220318	0.7671348566896466	-0.639839289491288	0.6529531274442282	3.8616162682203212	0.7120418496157627
Dp_30	0.0	0.0	0.0	0.0	0.0	0.0	0.0	0.0	0.0	0.0	0.0	0.0	0.0	0.0	0.0	0.0	0.0	0.0	0.0	0.0
Dp_CV0	-0.5926131809905602	0.9786509957387881	2.2583020634860773	0.4255827875876439	-0.5228430381884814	0.8484281382367344	2.201593214693207	0.40532883256148133	-0.08218705187667068	0.25707979823344723	0.5289935777110132	0.09182701849689542	0.0062084545372987875	0.021959060349138373	0.044415014353104125	0.007982692655012367	0.006208454537299134	0.021959060349138682	0.04441501435310437	0.007867997151967251
Dp_n	60.426039316517645	327.6959272467203	1974.6121697546746	398.3141868259111	2.717908131741423	17.681897525835208	34.425511302368385	5.7236521499627475	98.51236951117913	276.7629433420691	1970.5670310063867	396.1660212936964	-20.402119163201455	22.137120317201212	183.6294786456229	35.1851408729908	-20.402119163201473	22.13712031720123	183.62947864562307	37.338589154525344
DpH_n	0.0	0.0	0.0	0.0	0.0	0.0	0.0	0.0	0.0	0.0	0.0	0.0	0.0	0.0	0.0	0.0	0.0	0.0	0.0	0.0
Dpsi_n	0.0	0.0	0.0	0.0	0.0	0.0	0.0	0.0	0.0	0.0	0.0	0.0	0.0	0.0	0.0	0.0	0.0	0.0	0.0	0.0
E1NADH	0.0	0.0	0.0	0.0	0.0	0.0	0.0	0.0	0.0	0.0	0.0	0.0	0.0	0.0	0.0	0.0	0.0	0.0	0.0	0.0
E1NADH_n	0.0	0.0	0.0	0.0	0.0	0.0	0.0	0.0	0.0	0.0	0.0	0.0	0.0	0.0	0.0	0.0	0.0	0.0	0.0	0.0
E_1	0.0	0.0	0.0	0.0	0.0	0.0	0.0	0.0	0.0	0.0	0.0	0.0	0.0	0.0	0.0	0.0	0.0	0.0	0.0	0.0
E_1n	0.0	0.0	0.0	0.0	0.0	0.0	0.0	0.0	0.0	0.0	0.0	0.0	0.0	0.0	0.0	0.0	0.0	0.0	0.0	0.0
E_2	-62.199398261294974	156.6336969168031	999.7716272596615	195.36315142171182	0.7044841044558291	8.22373103945228	20.224794420858377	3.5786624593388416	-103.46976138637746	109.0493260571762	915.7288784772168	183.03129228924152	20.282939510313337	21.883970747209798	203.2469921499389	40.77124484415938	20.282939510313348	21.883970747209805	203.24699214993902	40.87002689388342
E_a30	0.0	0.0	0.0	0.0	0.0	0.0	0.0	0.0	0.0	0.0	0.0	0.0	0.0	0.0	0.0	0.0	0.0	0.0	0.0	0.0
E_c0	-5.0698745475718106	14.585347960476941	60.84104410943205	11.53442397584744	-0.25700448815328847	7.452194134788869	21.139317171102693	3.804241620159538	-4.7103605646439455	6.923590390216857	52.789778019136214	10.521371212151784	-0.05125474738728544	0.4179273816550561	2.4647549377182587	0.4726381338565075	-0.05125474738728563	0.41792738165505633	2.4647549377182605	0.4730755204335797
E_N0	-7.087107461075132	18.56328247365675	94.85435981335878	17.900069026104372	1.0526991036364504	9.14085120435929	24.265777545044493	4.319074755620638	-5.7093969290084114	6.853530697918378	54.925436017426364	10.96935111436649	-1.215204817851586	1.6883568181926656	14.473027768907782	2.8778125742446297	-1.2152048178515837	1.6883568181926694	14.473027768907793	2.7091351897315543
f_n	0.0	0.0	0.0	0.0	0.0	0.0	0.0	0.0	0.0	0.0	0.0	0.0	0.0	0.0	0.0	0.0	0.0	0.0	0.0	0.0
Gn	0.0	0.0	0.0	0.0	0.0	0.0	0.0	0.0	0.0	0.0	0.0	0.0	0.0	0.0	0.0	0.0	0.0	0.0	0.0	0.0
h_0	12995460.85652539	12995526.029523527	129931816.17389727	25376663.679907292	2.5656202594923503	6.572395604768562	18.706620487673476	3.4696595219192705	1999.5856129547444	2060.0506612506156	18101.42913118137	3498.4478245518776	6496729.352646083	6496731.893116187	64966008.57548408	12318174.715645371	6496729.352646087	6496731.893116192	64966008.57548413	12692967.642895337
H_n	0.0	0.0	0.0	0.0	0.0	0.0	0.0	0.0	0.0	0.0	0.0	0.0	0.0	0.0	0.0	0.0	0.0	0.0	0.0	0.0
h_n	0.0	0.0	0.0	0.0	0.0	0.0	0.0	0.0	0.0	0.0	0.0	0.0	0.0	0.0	0.0	0.0	0.0	0.0	0.0	0.0
J_O2n	1.7657372202665402	1.7657372202665402	17.657372202665382	3.431201933554827	0.9936647994106995	0.9936647994106995	9.936647994106997	1.8805243627764288	0.4896692757880078	0.4896692757880078	4.896692757880072	0.9828974946308432	0.14120157253391644	0.14120157253391644	1.4120157253391663	0.2779519003394236	0.14120157253391652	0.14120157253391652	1.4120157253391672	0.2781304423511538
k10	0.0	0.0	0.0	0.0	0.0	0.0	0.0	0.0	0.0	0.0	0.0	0.0	0.0	0.0	0.0	0.0	0.0	0.0	0.0	0.0
k1_n	-40.15573306038002	48.15230916285903	407.3222412011321	81.63271695663472	0.7090318892827415	7.1811436984563475	11.204830890026704	1.6984814192507673	-6.30159238552545	6.824909672689555	61.053220383121804	12.056769291136773	-17.28158628206865	17.323956013391637	171.4239810453613	33.34237185735131	-17.28158628206866	17.323956013391648	171.42398104536144	32.71001084801851
k2_n	-4.29537832101028	4.474722199695484	34.52978204471425	6.818576160917844	-0.02495940142347578	0.17907056854098843	0.3603560432736537	0.06036694704329612	-1.7979403821892905	1.8563065891464121	14.951596445703734	2.879181143898037	-1.2362392686987587	1.2380567159864508	9.679443430485602	1.7826232029718658	-1.2362392686987562	1.2380567159864484	9.679443430485605	1.8379119583851904
k3	0.0	0.0	0.0	0.0	0.0	0.0	0.0	0.0	0.0	0.0	0.0	0.0	0.0	0.0	0.0	0.0	0.0	0.0	0.0	0.0
k30	-1265795.951102224	1265796.9760952988	12656920.875116168	2533040.3954962776	2.011241481514661	2.932907344940235	14.573575782220708	2.7278575869659543	-104.12382525100287	104.3094199601597	1039.4305901066168	197.7115962087809	-632846.9192592269	632846.9302737766	6328468.038483088	1212718.9590159415	-632846.9192592273	632846.9302737771	6328468.038483093	1198193.2556413522
K_G	5.251545456491044	19.899977986618925	52.627959248343764	9.426667625712634	-1.7031258580211883	3.260668896727211	7.152926449946414	1.2986290272534147	7.624102883441037	14.728390025616527	48.414823909718315	9.519958997086441	-0.33471578446440153	1.8817391833811459	3.480766812079533	0.5829910552041182	-0.334715784464402	1.8817391833811477	3.480766812079535	0.5845640525738336
k_lk2	0.7551359061027205	4.7677746365461005	10.659821141788692	1.795721056527361	0.8596664973198733	3.4865933229323867	7.149904455150852	1.2025544498818463	0.38706234357216857	1.9810954605454785	4.876843816451547	0.8604662036590597	-0.24579646739466274	0.31374554892082374	1.5414566971955055	0.2962736962031539	-0.24579646739466296	0.31374554892082396	1.5414566971955064	0.2992724099316402
K_sigma	87.13134325841456	236.12490115806793	1518.6402649324536	285.96795850930147	2.0615375434786087	7.140296128722086	23.936668122500034	4.4424089988597775	65.50249466504171	210.35733242096452	1508.4783922125148	294.00450154567903	9.783655524947092	13.440368483646651	82.26454380143618	15.769573419467992	9.7836555249471	13.44036848364666	82.26454380143623	16.075662038041227
k_aut	1242.5044120412117	1282.9282662836476	12498.39577622688	2556.3543557589674	-0.17541593718409867	5.7405171440481535	19.94436908132424	3.642444928655982	1245.38132760197	1259.2296784874834	12497.493567199068	2360.043057832141	-1.3507498117872492	10.215019801456851	49.51530684019061	9.49229735251058	-1.3507498117872503	10.21501980145686	49.515306840190654	9.465847464206028
k_unc	-0.5957278156141473	1.8602333098508712	10.378788470094074	1.9359617165671446	-0.14413783152637466	1.1810502463624764	4.704117241876946	0.8870868587715779	-0.14858344134119125	0.5857239317760599	3.118079992891387	0.5939654131873714	-0.1515032713732917	0.15993143574258664	1.358624182640445	0.24933931929400172	-0.15150327137329175	0.15993143574258684	1.3586241826404457	0.2618346682261697
kCV	0.0	0.0	0.0	0.0	0.0	0.0	0.0	0.0	0.0	0.0	0.0	0.0	0.0	0.0	0.0	0.0	0.0	0.0	0.0	0.0
Keq1_n	0.0	0.0	0.0	0.0	0.0	0.0	0.0	0.0	0.0	0.0	0.0	0.0	0.0	0.0	0.0	0.0	0.0	0.0	0.0	0.0
Keq2_n	0.0	0.0	0.0	0.0	0.0	0.0	0.0	0.0	0.0	0.0	0.0	0.0	0.0	0.0	0.0	0.0	0.0	0.0	0.0	0.0
L_CV0	0.029420695490104197	0.06945358002194531	0.19481112407838755	0.036405389884760386	0.03163419827650373	0.06453493752875655	0.2146734559662298	0.03956603274068526	-0.0024699821400762465	0.01759752406725184	0.03881187123374235	0.0066012890075188	0.00012823967679214621	0.0025230415265838305	0.007291855179988947	0.0013529237974319068	0.00012823967679180355	0.002523041526584063	0.007291855179989207	0.0013044581713744117
L_CVfrac	0.0	0.0	0.0	0.0	0.0	0.0	0.0	0.0	0.0	0.0	0.0	0.0	0.0	0.0	0.0	0.0	0.0	0.0	0.0	0.0
L_CVmax	0.0	0.0	0.0	0.0	0.0	0.0	0.0	0.0	0.0	0.0	0.0	0.0	0.0	0.0	0.0	0.0	0.0	0.0	0.0	0.0
L_CVn	-2.3570264992713343	5.730517318350155	23.695113589397508	4.2848460547787806	-1.3720937232948456	3.8116318693465776	12.321249527635272	2.2775463549723556	-0.4595292300352069	1.7988066600712915	6.857695666470236	1.3030542882266063	-0.26270177293238217	0.5161353047500656	2.593737460806691	0.5072559539349797	-0.2627017730208578	0.51613530466159	2.593737460475008	0.49313113144408577
L_lk0	0.5936948996384744	0.9771197773752194	1.9516875818274966	0.3463754348998703	0.46466602044191224	0.8020136748197428	1.8601713121950607	0.33292111968401666	0.15383427086624848	0.3181806106701021	0.5218736139920043	0.08339597053120279	-0.012402695834846744	0.03065273563618394	0.061501826955303644	0.01082214299913363	-0.01240269583484676	0.03065273563618404	0.06150182695530364	0.010428868899137786
L_lkfrac	0.0	0.0	0.0	0.0	0.0	0.0	0.0	0.0	0.0	0.0	0.0	0.0	0.0	0.0	0.0	0.0	0.0	0.0	0.0	0.0
L_lkn	0.0	0.0	0.0	0.0	0.0	0.0	0.0	0.0	0.0	0.0	0.0	0.0	0.0	0.0	0.0	0.0	0.0	0.0	0.0	0.0
L_n	0.5918505563508706	0.5918505563508706	5.918505563508705	1.1483213239699777	0.033316196772669275	0.033316196772669275	0.33316196772669276	0.06674267574182266	0.28057674069968835	0.28057674069968835	2.805767406996883	0.5396001255995218	0.1389788094392564	0.1389788094392564	1.3897880943925638	0.27924075347120986	0.13897880943925647	0.13897880943925647	1.3897880943925647	0.2803099412187405
mu_max	-114.7178402775826	337.034187828499	1741.515937747908	327.5489907159735	1.2424948827088738	2.241924092429474	7.021626057727307	1.3299637475798725	-225.25362545978325	228.98931422988807	1348.4705958881943	260.86883106004177	54.646645149745865	57.702795414811696	538.9497438488988	107.17887417570667	54.6466451497459	57.702795414811746	538.9497438488994	109.38008428242712
n_h	0.3446442197259153	35.14095011958064	194.06841994521977	37.37925965271308	1.56178301588518	3.92602261397286	12.921674293349938	2.393059091730006	14.106036674375524	15.65787685184147	109.37624777701068	21.313584862991757	-7.661587735267375	8.61265806252836	79.11323951694793	15.450148098498776	-7.661587735267379	8.612658062528366	79.11323951694798	15.441332342634025
n_m	-2488.9712702543425	2945.4389117841597	26927.745683277037	5273.3581039152905	-3.0857547854638563	7.457842700984602	27.613311174024386	5.26720813440332	-2599.5149457178222	2824.6305537348803	26898.981510474758	5126.49263274302	56.81471512447249	58.24316356697082	409.0887527811681	76.78113164380211	56.81471512447254	58.24316356697087	409.08875278116847	77.92348294209529
NADH	0.0	0.0	0.0	0.0	0.0	0.0	0.0	0.0	0.0	0.0	0.0	0.0	0.0	0.0	0.0	0.0	0.0	0.0	0.0	0.0
NADHn	-5.022994961832651	11.235230869389051	24.00490817539452	4.286923490667928	-4.252569020272015	10.251987453269763	17.879614800114123	2.9131945614385297	-0.51641361656114	1.1511752775627153	5.80593350731863	1.064301596128037	-0.1270061624997432	0.15715598426707095	1.211189634197312	0.21890142250986905	-0.12700616249974309	0.15715598426707103	1.211189634197313	0.23298821190098346
NADNADHrat	0.0	0.0	0.0	0.0	0.0	0.0	0.0	0.0	0.0	0.0	0.0	0.0	0.0	0.0	0.0	0.0	0.0	0.0	0.0	0.0
NADNADHratn	-2.841175195615427	7.573165892289507	10.704377326075122	1.5248428275687267	-2.5897604389144924	7.556397440322496	10.715089042149051	1.560953914617298	-0.252987250221272	0.37059406674318374	0.6731335921661047	0.1200886583050822	0.0007862467601762329	0.03182693586623338	0.05673412792741551	0.008955563838063625	0.000786246760178862	0.03182693586624147	0.0567341279274157	0.009078681785472484
NADpool	3.5554058006491887	8.600033480087744	15.735328393253203	2.6089843115227347	3.09522056492943	8.307069839473762	14.093495963535405	2.2216972274323368	0.27078101764514334	0.4645753723651487	0.9684473508426159	0.17406073130576413	0.09470210903730222	0.12945605709866925	0.9812595584076488	0.1970793118218795	0.09470210903730536	0.12945605709866717	0.9812595584076491	0.202709544774403
O2_n	0.0	0.0	0.0	0.0	0.0	0.0	0.0	0.0	0.0	0.0	0.0	0.0	0.0	0.0	0.0	0.0	0.0	0.0	0.0	0.0
O2c_n	0.0	0.0	0.0	0.0	0.0	0.0	0.0	0.0	0.0	0.0	0.0	0.0	0.0	0.0	0.0	0.0	0.0	0.0	0.0	0.0
P_1n	0.0	0.0	0.0	0.0	0.0	0.0	0.0	0.0	0.0	0.0	0.0	0.0	0.0	0.0	0.0	0.0	0.0	0.0	0.0	0.0
P_an	0.0	0.0	0.0	0.0	0.0	0.0	0.0	0.0	0.0	0.0	0.0	0.0	0.0	0.0	0.0	0.0	0.0	0.0	0.0	0.0
p_C1	0.0	0.0	0.0	0.0	0.0	0.0	0.0	0.0	0.0	0.0	0.0	0.0	0.0	0.0	0.0	0.0	0.0	0.0	0.0	0.0
p_C3	0.0	0.0	0.0	0.0	0.0	0.0	0.0	0.0	0.0	0.0	0.0	0.0	0.0	0.0	0.0	0.0	0.0	0.0	0.0	0.0
P_ic	-60.017072945418164	71.7975547080718	406.30770824948	79.43057132582008	0.18844459644483777	1.4243813891826158	5.514643905449626	1.070850587274901	-30.492221465336748	40.91899542796446	245.04155433984775	45.54995649130183	-14.856648038263126	23.742258915864408	190.91480749195114	36.995135470978106	-14.856648038263131	23.742258915864422	190.91480749195122	35.82819825259162
P_icn	0.0	0.0	0.0	0.0	0.0	0.0	0.0	0.0	0.0	0.0	0.0	0.0	0.0	0.0	0.0	0.0	0.0	0.0	0.0	0.0
p_tot	-63.99908761580809	82.94204993248535	502.48655370708235	96.53179965404713	-2.470672498448473	21.39821820761295	39.711680135162936	6.650423192565119	-15.604180992910706	18.177876400110335	112.66474842907637	22.17731046886983	-22.962117062224458	23.590642004341895	227.50222122110017	41.8118794593327	-22.96211706222447	23.59064200434191	227.5022212211003	46.596116782143135
p_totNADH	0.0	0.0	0.0	0.0	0.0	0.0	0.0	0.0	0.0	0.0	0.0	0.0	0.0	0.0	0.0	0.0	0.0	0.0	0.0	0.0
P_v	-18.471244895654564	61.28326556454382	383.6145531479635	74.23196908732842	-2.203198766065206	2.316765243754212	16.40831991091819	3.197001066854805	-25.849922762969637	49.9408177943799	391.2987556508125	75.65387390444354	4.790938316690134	7.0390014361424935	49.95678570914761	9.448940364962434	4.790938316690137	7.039001436142497	49.95678570914764	10.031244615794872
P_vn	0.0	0.0	0.0	0.0	0.0	0.0	0.0	0.0	0.0	0.0	0.0	0.0	0.0	0.0	0.0	0.0	0.0	0.0	0.0	0.0
Pa_CO2n	0.0	0.0	0.0	0.0	0.0	0.0	0.0	0.0	0.0	0.0	0.0	0.0	0.0	0.0	0.0	0.0	0.0	0.0	0.0	0.0
pH_mn	0.0	0.0	0.0	0.0	0.0	0.0	0.0	0.0	0.0	0.0	0.0	0.0	0.0	0.0	0.0	0.0	0.0	0.0	0.0	0.0
pH_o	-216.28644364147368	237.4100770475308	1664.7491979132308	336.5504071991948	2.559854364456458	4.3241192998069256	17.98303868383146	3.498449355152329	-219.66654387813733	231.31646378466772	1672.2780623907859	337.55816297433483	0.41012293610362144	2.6818957801811014	13.2845109978305	2.5166770575602837	0.4101229361036218	2.6818957801811023	13.284510997830509	2.5516141717497884
pH_on	0.0	0.0	0.0	0.0	0.0	0.0	0.0	0.0	0.0	0.0	0.0	0.0	0.0	0.0	0.0	0.0	0.0	0.0	0.0	0.0
phi	-137.99957341702344	257.91329011916326	1521.16432584887	294.27168209218627	-0.1820251372985386	7.052679147686751	17.086220514313215	2.9624683028166428	-137.11572127385978	251.07405694647548	1516.6901818804768	299.3999185288974	-0.35091350293257145	1.1447718484018616	4.135160377172873	0.7761912929485982	-0.35091350293257245	1.1447718484018619	4.135160377172875	0.8165739860459866
r_0	183.12622352560047	266.9718743315142	1888.2077718929254	372.3842891095573	-5.940161205973848	15.184050645266707	34.45499522896807	6.223463965587842	8.103348373547231	53.595460671886194	193.566924384574	35.63751658085997	90.48151817901355	104.90645213206496	932.5759280268218	183.25038292040304	90.4815181790136	104.90645213206504	932.5759280268226	177.96404674824905
R_autc	60.83468970095802	110.62104777067405	697.7337314017682	127.8633029269243	1.0908092676204917	3.1244441315167046	12.044395802344637	2.218826094404844	60.31949267878215	110.23451762065478	697.2131567721152	129.86558077885988	-0.2878061227223016	0.8526674814165708	2.940667119225686	0.5423658779205899	-0.2878061227223072	0.8526674814165773	2.9406671192256897	0.5440354339348531
R_auto	88.84541599041067	167.70515034814372	1323.5213725913	264.74499366987834	-0.3101228089233869	1.2465210791015828	5.910905066481575	1.1137264257267028	87.33382306493161	167.3439130213854	1325.209561363764	260.3000324089643	0.9108578672012481	1.8038488036242102	11.421109172152452	2.210480084393334	0.9108578672012476	1.8038488036242122	11.42110917215246	2.2573945366033046
R_autp	-10.846350919723953	42.916360856707776	280.7250399260107	55.637735192356246	0.09241813429012233	0.9467639836724809	2.5298550955496597	0.46787501033382434	-15.294914008570172	37.35448184506362	273.64991733112714	52.931421569653544	2.1780724772780538	2.634820897887314	13.664941671749952	2.569902204572539	2.1780724772780493	2.63482089788731	13.664941671749961	2.7145754750600166
R_autu	43.50217988348976	45.55795199907305	326.14031640039	61.452277965072305	-0.019517759598870477	0.8606936435590248	5.415064241695365	1.0417306798777988	17.404041613234114	17.4666647914455	150.50106947871134	29.678649158894544	13.058828014927247	15.598456518430536	141.6267508381801	28.102356218710966	13.058828014927249	15.598456518430545	141.62675083818016	27.762283461972675
r_CV	-0.06682821333828536	0.1306244866133935	0.2489389693765051	0.042853837156513086	-0.045813430798487695	0.11343400474628876	0.23678182923825689	0.04224632808728921	-0.02473257280760861	0.046213636431530085	0.0830267079381597	0.014320108901758655	0.0018588951339072158	0.003575905786062436	0.00698029384496438	0.001217199910438514	0.0018588951339060112	0.0035759057860615204	0.006980293844965004	0.0012505878308944408
r_m	-61.23836094600663	332.04283087549726	1207.9107457633258	218.7601924324532	5.563980382299312	12.745120751671006	35.234524344303765	6.418102760136877	20.652162592608757	148.40198097261617	791.6190045507345	149.5056671660189	-43.727251960457345	92.37271017578433	437.4751868584165	83.74260717358965	-43.72725196045738	92.37271017578438	437.47518685841675	84.77393220558348
r_n	2.309461188601811	2.930768676969222	12.167516563254315	2.3792381806323597	0.0	0.0	0.0	0.0	2.309461188601809	2.930768676969222	12.167516563254313	2.395602417441199	0.0	0.0	0.0	0.0	0.0	0.0	0.0	0.0
r_t	43818731.04259396	43818876.65849754	438187217.84057844	85653957.16210002	-7.679792105467057	22.804675165644003	37.08730673902607	5.78888741384804	7.387651173559613	104.17118314202946	455.44756758009606	86.08038684895244	21909365.667367447	21909379.56879979	219093609.40920654	42882865.92874509	21909365.667367462	21909379.568799805	219093609.4092067	43929981.14909769
SaO2_n	-1.6189525754318712	1.6189525754318712	16.18952575431869	3.3475665091340647	-0.8159062595609528	0.8159062595609528	8.159062595609523	1.5910256785016967	-0.45432409595628526	0.45432409595628526	4.543240959562852	0.9206539297055685	-0.17436110995731635	0.17436110995731635	1.7436110995731644	0.34163885533314886	-0.1743611099573165	0.1743611099573165	1.743611099573166	0.3708173024220525
ScO2_n	0.0	0.0	0.0	0.0	0.0	0.0	0.0	0.0	0.0	0.0	0.0	0.0	0.0	0.0	0.0	0.0	0.0	0.0	0.0	0.0
sigma_coll	1.0235082090504277	27.69597734892904	98.07717141761577	18.30045124775684	-0.09469303334093974	6.0204872814037484	21.14132593720561	3.974174449750776	-43.62412920361337	48.82527041578035	382.24736723874054	74.60464592997234	22.371165223002354	24.497234915261597	219.9385440999217	43.2599549752642	22.371165223002368	24.49723491526161	219.93854409992184	42.789725780223165
sigma_e0	-110.27741509768583	121.34322197294965	1057.798201079098	206.21435942029458	1.3200555927441957	5.048664019545662	21.62422597444864	4.126366341830295	-111.6154720878564	112.74581097580624	1057.3966391112222	213.3308020906238	0.009000698713240196	2.6479147003277963	13.258795271978475	2.4634252471063216	0.009000698713243589	2.647914700327794	13.258795271978464	2.5973898240949587
sigma_en	0.0	0.0	0.0	0.0	0.0	0.0	0.0	0.0	0.0	0.0	0.0	0.0	0.0	0.0	0.0	0.0	0.0	0.0	0.0	0.0
SvO2_n	0.0	0.0	0.0	0.0	0.0	0.0	0.0	0.0	0.0	0.0	0.0	0.0	0.0	0.0	0.0	0.0	0.0	0.0	0.0	0.0
t_c	0.0	0.0	0.0	0.0	0.0	0.0	0.0	0.0	0.0	0.0	0.0	0.0	0.0	0.0	0.0	0.0	0.0	0.0	0.0	0.0
T_en	0.0	0.0	0.0	0.0	0.0	0.0	0.0	0.0	0.0	0.0	0.0	0.0	0.0	0.0	0.0	0.0	0.0	0.0	0.0	0.0
T_max0	-376.6509873004233	785.5604451234519	4557.331530698198	853.5219321715251	4.572947252633302	8.282798665712665	19.531762073606785	3.5718613074553054	0.7152177826927685	24.209002612548833	97.87547105542063	18.048419628344416	-190.96957616787455	380.4723657024653	2276.520509001805	448.2506717195558	-190.96957616787466	380.4723657024657	2276.520509001806	423.31047197835863
T_maxn	0.0	0.0	0.0	0.0	0.0	0.0	0.0	0.0	0.0	0.0	0.0	0.0	0.0	0.0	0.0	0.0	0.0	0.0	0.0	0.0
T_mn	0.0	0.0	0.0	0.0	0.0	0.0	0.0	0.0	0.0	0.0	0.0	0.0	0.0	0.0	0.0	0.0	0.0	0.0	0.0	0.0
t_o	0.0009974726173134529	0.0011653372837837806	0.0038032814718044717	0.0007156687604900518	0.00025285710541419814	0.00032582004588682656	0.0017084392340370837	0.00032755959515459943	0.0006002696213926694	0.0007337088574529739	0.002455094392664378	0.00047356626676678664	7.21729452753352e-05	0.00024694224966438383	0.0006875112668834465	0.00013186966200102318	7.217294527481643e-05	0.0002469422496647615	0.0006875112668833787	0.0001238349803016156
t_p	-157.3540280036833	157.35685887984297	1573.548729735756	302.32425103692424	0.0011052707179587406	0.0016301646351728142	0.011634399005430056	0.002224622650235309	-8.984245962782418e-05	0.00032668277797945393	0.0008915476888159207	0.00016484997944127728	-78.67752171589761	78.67763540718168	786.7743252776731	156.39669596059736	-78.67752171598609	78.67763540727016	786.7743252785579	145.4014397215905
t_u	0.0	0.0	0.0	0.0	0.0	0.0	0.0	0.0	0.0	0.0	0.0	0.0	0.0	0.0	0.0	0.0	0.0	0.0	0.0	0.0
u_n	0.0	0.0	0.0	0.0	0.0	0.0	0.0	0.0	0.0	0.0	0.0	0.0	0.0	0.0	0.0	0.0	0.0	0.0	0.0	0.0
v_cn	1266022.9891806794	1266131.3688939242	12656823.000989193	2400560.495682944	3.4669907823385735	10.821568709127126	33.2873758683158	6.30169736564977	328.69273517998823	445.22685836504104	3796.2802187891907	738.415899645509	632845.4147273584	632852.1980607166	6328465.540815727	1234696.7151298858	632845.4147273588	632852.1980607171	6328465.5408157315	1197012.2358595834
v_on	-66.95380646657328	81.58330284301843	514.5865566958928	98.53603134514672	-2.706688953191696	4.8074888001186755	14.379424368942272	2.6225392814240784	-53.628415494552115	60.89033529957292	492.7236885600285	98.43447508408731	-5.3093510094147005	9.216603711818317	44.633640646179614	8.808817564720535	-5.309351009414703	9.216603711818324	44.63364064617964	8.41820535284562
v_pn	-34.20811314498427	233.22226601833566	1477.8664897731162	288.73199852948204	-3.7566572545898764	8.961243663432588	28.193362201208735	5.161808230084669	-29.40065241098611	224.54617499547487	1465.8758104190272	276.68878949829417	-0.5254017397041083	5.376280405563048	20.756557359070996	4.066544685471505	-0.5254017397041089	5.376280405563054	20.756557359071017	3.7608029162727528
v_un	282.89430659596513	498.7178002676185	3953.3154750118797	786.2475296493062	1.4389423612958345	2.2317011882696316	10.030724396214895	1.8914313076509754	-32.54898944245588	38.1757463724617	202.62858293845784	40.208327928144485	157.00217683856255	230.20158613787044	1963.3963896520995	353.7190734590965	157.00217683856263	230.2015861378706	1963.3963896521009	385.903887926285
Vol_mit	-48.51588347048879	135.74929002744727	746.6083309301316	149.2516503792041	2.2094913162400847	26.038427599127072	30.782411538601416	3.1252860173610912	-48.40651313656183	106.17888082108641	739.9969811691665	138.83825253041476	-1.1594308250835337	2.6376577770766794	15.114330507548843	2.8663542121087295	-1.1594308250835375	2.6376577770766794	15.114330507548853	2.859056682349644
XOa	0.0	0.0	0.0	0.0	0.0	0.0	0.0	0.0	0.0	0.0	0.0	0.0	0.0	0.0	0.0	0.0	0.0	0.0	0.0	0.0
XOa_n	0.0	0.0	0.0	0.0	0.0	0.0	0.0	0.0	0.0	0.0	0.0	0.0	0.0	0.0	0.0	0.0	0.0	0.0	0.0	0.0
XOv_n	0.0	0.0	0.0	0.0	0.0	0.0	0.0	0.0	0.0	0.0	0.0	0.0	0.0	0.0	0.0	0.0	0.0	0.0	0.0	0.0
Xtot	-880906.4382283979	881008.1778207335	8809330.059696166	1716149.4968610166	-2.998189012827562	9.803733845042872	25.50670162450972	4.629473103152025	29.26227633396804	64.65485013276674	306.99474811091943	56.96432701396841	-440466.3511578593	440468.1577885377	4404659.9825131865	881511.8497609599	-440466.35115785967	440468.15778853797	4404659.982513189	834652.2231981192
Xtot_n	0.6837719633427878	0.6837719633427878	6.837719633427876	1.321661957297656	0.04018563429142571	0.04018563429142571	0.4018563429142571	0.0771948466931709	0.35154866389959977	0.35154866389959977	3.515486638995998	0.7118866796758234	0.14601883257588108	0.14601883257588108	1.4601883257588109	0.3106931110255416	0.1460188325758812	0.1460188325758812	1.4601883257588117	0.2687737306365338
Vmca	1.5878921231517782	1.5878921231517782	15.878921231517767	3.0173028720808492	0.8210815975887539	0.8210815975887539	8.210815975887545	1.6762788818569938	0.4227713846764513	0.4227713846764513	4.2277138467645115	0.8240270933265219	0.17201957044328642	0.17201957044328642	1.7201957044328622	0.3391695463075711	0.17201957044328647	0.17201957044328647	1.720195704432863	0.32737698154662315
CCO	0.0	0.0	0.0	0.0	0.0	0.0	0.0	0.0	0.0	0.0	0.0	0.0	0.0	0.0	0.0	0.0	0.0	0.0	0.0	0.0
CBF	0.0	0.0	0.0	0.0	0.0	0.0	0.0	0.0	0.0	0.0	0.0	0.0	0.0	0.0	0.0	0.0	0.0	0.0	0.0	0.0
TOI	0.0	0.0	0.0	0.0	0.0	0.0	0.0	0.0	0.0	0.0	0.0	0.0	0.0	0.0	0.0	0.0	0.0	0.0	0.0	0.0
